# t Rcm_x Rcm_y RMS momentum d_min
0.00000000e+00 -1.38545115e-02 -3.77379235e-02 4.51763826e-01 2.06617619e-01 2.11439658e-02
1.00000000e-03 -1.38525712e-02 -3.77366013e-02 4.51582834e-01 2.06617619e-01 2.08954776e-02
2.00000000e-03 -1.38506310e-02 -3.77352791e-02 4.51225816e-01 2.06617619e-01 2.04463517e-02
3.00000000e-03 -1.38486907e-02 -3.77339570e-02 4.50694020e-01 2.06617619e-01 1.98001768e-02
4.00000000e-03 -1.38467505e-02 -3.77326348e-02 4.49989496e-01 2.06617619e-01 1.89620475e-02
5.00000000e-03 -1.38448102e-02 -3.77313126e-02 4.49115546e-01 2.06617619e-01 1.79388222e-02
6.00000000e-03 -1.38428700e-02 -3.77299904e-02 4.48077321e-01 2.06617619e-01 1.15664323e-02
7.00000000e-03 -1.38409297e-02 -3.77286682e-02 4.46881396e-01 2.06617619e-01 9.15610001e-03
8.00000000e-03 -1.38389894e-02 -3.77273461e-02 4.45532438e-01 2.06617619e-01 1.38623240e-02
9.00000000e-03 -1.38370492e-02 -3.77260239e-02 4.44033622e-01 2.06617619e-01 1.22190834e-02
1.00000000e-02 -1.38351089e-02 -3.77247017e-02 4.42390875e-01 2.06617619e-01 1.02620752e-02
1.10000000e-02 -1.38331687e-02 -3.77233795e-02 4.40610233e-01 2.06617619e-01 7.37769207e-03
1.20000000e-02 -1.38312284e-02 -3.77220573e-02 4.38697563e-01 2.06617619e-01 4.38442000e-03
1.30000000e-02 -1.38292882e-02 -3.77207351e-02 4.36662669e-01 2.06617619e-01 1.40322676e-03
1.40000000e-02 -1.38273479e-02 -3.77194130e-02 4.34513770e-01 2.06617619e-01 1.95209593e-03
1.50000000e-02 -1.38254076e-02 -3.77180908e-02 4.32249394e-01 2.06617619e-01 2.62559416e-03
1.60000000e-02 -1.38234674e-02 -3.77167686e-02 4.29866448e-01 2.06617619e-01 2.97850373e-03
1.70000000e-02 -1.38215271e-02 -3.77154464e-02 4.27360778e-01 2.06617619e-01 1.41179829e-03
1.80000000e-02 -1.38195869e-02 -3.77141242e-02 4.24731904e-01 2.06617619e-01 1.09582214e-03
1.90000000e-02 -1.38176466e-02 -3.77128021e-02 4.21984604e-01 2.06617619e-01 3.24420911e-03
2.00000000e-02 -1.38157063e-02 -3.77114799e-02 4.19125889e-01 2.06617619e-01 2.49231553e-03
2.10000000e-02 -1.38137661e-02 -3.77101577e-02 4.16167416e-01 2.06617619e-01 7.36472472e-03
2.20000000e-02 -1.38118258e-02 -3.77088355e-02 4.13124106e-01 2.06617619e-01 3.57272157e-03
2.30000000e-02 -1.38098856e-02 -3.77075133e-02 4.10002131e-01 2.06617619e-01 6.72354256e-03
2.40000000e-02 -1.38079453e-02 -3.77061912e-02 4.06796459e-01 2.06617619e-01 6.39849323e-03
2.50000000e-02 -1.38060051e-02 -3.77048690e-02 4.03499095e-01 2.06617619e-01 2.24126052e-03
2.60000000e-02 -1.38040648e-02 -3.77035468e-02 4.00104610e-01 2.06617619e-01 1.52957606e-03
2.70000000e-02 -1.38021245e-02 -3.77022246e-02 3.96604657e-01 2.06617619e-01 3.03761198e-03
2.80000000e-02 -1.38001843e-02 -3.77009024e-02 3.92989319e-01 2.06617619e-01 2.78187459e-03
2.90000000e-02 -1.37982440e-02 -3.76995802e-02 3.89255878e-01 2.06617619e-01 4.57961147e-03
3.00000000e-02 -1.37963038e-02 -3.76982581e-02 3.85410998e-01 2.06617619e-01 5.27173479e-03
3.10000000e-02 -1.37943635e-02 -3.76969359e-02 3.81469488e-01 2.06617619e-01 3.17771408e-03
3.20000000e-02 -1.37924233e-02 -3.76956137e-02 3.77450449e-01 2.06617619e-01 2.67668438e-03
3.30000000e-02 -1.37904830e-02 -3.76942915e-02 3.73373866e-01 2.06617619e-01 7.59576060e-03
3.40000000e-02 -1.37885427e-02 -3.76929693e-02 3.69242222e-01 2.06617619e-01 5.62816804e-03
3.50000000e-02 -1.37866025e-02 -3.76916472e-02 3.65038684e-01 2.06617619e-01 3.64420371e-03
3.60000000e-02 -1.37846622e-02 -3.76903250e-02 3.60753802e-01 2.06617619e-01 1.66340854e-03
3.70000000e-02 -1.37827220e-02 -3.76890028e-02 3.56394508e-01 2.06617619e-01 6.18536172e-04
3.80000000e-02 -1.37807817e-02 -3.76876806e-02 3.51973420e-01 2.06617619e-01 2.48796234e-03
3.90000000e-02 -1.37788415e-02 -3.76863584e-02 3.47485286e-01 2.06617619e-01 2.18704091e-03
4.00000000e-02 -1.37769012e-02 -3.76850362e-02 3.42914500e-01 2.06617619e-01 2.39017274e-03
4.10000000e-02 -1.37749609e-02 -3.76837141e-02 3.38247035e-01 2.06617619e-01 6.57307136e-03
4.20000000e-02 -1.37730207e-02 -3.76823919e-02 3.33471002e-01 2.06617619e-01 5.85619736e-03
4.30000000e-02 -1.37710804e-02 -3.76810697e-02 3.28580786e-01 2.06617619e-01 4.45372524e-03
4.40000000e-02 -1.37691402e-02 -3.76797475e-02 3.23576073e-01 2.06617619e-01 2.01429603e-03
4.50000000e-02 -1.37671999e-02 -3.76784253e-02 3.18458755e-01 2.06617619e-01 4.55027768e-03
4.60000000e-02 -1.37652597e-02 -3.76771032e-02 3.13228543e-01 2.06617619e-01 6.03689306e-03
4.70000000e-02 -1.37633194e-02 -3.76757810e-02 3.07881593e-01 2.06617619e-01 3.38519316e-03
4.80000000e-02 -1.37613791e-02 -3.76744588e-02 3.02419212e-01 2.06617619e-01 6.42542168e-03
4.90000000e-02 -1.37594389e-02 -3.76731366e-02 2.96851545e-01 2.06617619e-01 5.06580654e-03
5.00000000e-02 -1.37574986e-02 -3.76718144e-02 2.91191962e-01 2.06617619e-01 6.53694885e-03
5.10000000e-02 -1.37555584e-02 -3.76704923e-02 2.85464206e-01 2.06617619e-01 5.18982074e-03
5.20000000e-02 -1.37536181e-02 -3.76691701e-02 2.79716127e-01 2.06617619e-01 1.08676160e-02
5.30000000e-02 -1.37516778e-02 -3.76678479e-02 2.74004308e-01 2.06617619e-01 1.43421731e-03
5.40000000e-02 -1.37497376e-02 -3.76665257e-02 2.68359266e-01 2.06617619e-01 5.87807643e-03
5.50000000e-02 -1.37477973e-02 -3.76652035e-02 2.62805738e-01 2.06617619e-01 5.13040598e-03
5.60000000e-02 -1.37458571e-02 -3.76638813e-02 2.57350669e-01 2.06617619e-01 4.62914925e-03
5.70000000e-02 -1.37439168e-02 -3.76625592e-02 2.51974759e-01 2.06617619e-01 2.97487679e-03
5.80000000e-02 -1.37419766e-02 -3.76612370e-02 2.46663522e-01 2.06617619e-01 4.69892374e-03
5.90000000e-02 -1.37400363e-02 -3.76599148e-02 2.41412824e-01 2.06617619e-01 2.52182008e-03
6.00000000e-02 -1.37380960e-02 -3.76585926e-02 2.36229187e-01 2.06617619e-01 8.81690406e-03
6.10000000e-02 -1.37361558e-02 -3.76572704e-02 2.31120189e-01 2.06617619e-01 2.56787930e-03
6.20000000e-02 -1.37342155e-02 -3.76559483e-02 2.26117948e-01 2.06617619e-01 5.40151855e-03
6.30000000e-02 -1.37322753e-02 -3.76546261e-02 2.21244905e-01 2.06617619e-01 5.44063368e-03
6.40000000e-02 -1.37303350e-02 -3.76533039e-02 2.16484397e-01 2.06617619e-01 3.50565869e-03
6.50000000e-02 -1.37283948e-02 -3.76519817e-02 2.11823766e-01 2.06617619e-01 3.82050449e-03
6.60000000e-02 -1.37264545e-02 -3.76506595e-02 2.07279251e-01 2.06617619e-01 3.57213588e-03
6.70000000e-02 -1.37245142e-02 -3.76493373e-02 2.02883022e-01 2.06617619e-01 1.70176844e-03
6.80000000e-02 -1.37225740e-02 -3.76480152e-02 1.98657996e-01 2.06617619e-01 6.51774776e-03
6.90000000e-02 -1.37206337e-02 -3.76466930e-02 1.94641464e-01 2.06617619e-01 6.80108906e-03
7.00000000e-02 -1.37186935e-02 -3.76453708e-02 1.90904449e-01 2.06617619e-01 5.56527986e-03
7.10000000e-02 -1.37167532e-02 -3.76440486e-02 1.87514734e-01 2.06617619e-01 6.46087798e-03
7.20000000e-02 -1.37148130e-02 -3.76427264e-02 1.84522041e-01 2.06617619e-01 8.94312115e-03
7.30000000e-02 -1.37128727e-02 -3.76414043e-02 1.82024746e-01 2.06617619e-01 8.05621099e-03
7.40000000e-02 -1.37109324e-02 -3.76400821e-02 1.80195485e-01 2.06617619e-01 6.27980657e-03
7.50000000e-02 -1.37089922e-02 -3.76387599e-02 1.79186533e-01 2.06617619e-01 7.72033028e-03
7.60000000e-02 -1.37070519e-02 -3.76374377e-02 1.78920704e-01 2.06617619e-01 9.93203563e-03
7.70000000e-02 -1.37051117e-02 -3.76361155e-02 1.79268893e-01 2.06617619e-01 7.95896447e-03
7.80000000e-02 -1.37031714e-02 -3.76347934e-02 1.80171078e-01 2.06617619e-01 6.15768046e-03
7.90000000e-02 -1.37012311e-02 -3.76334712e-02 1.81586466e-01 2.06617619e-01 8.06474496e-03
8.00000000e-02 -1.36992909e-02 -3.76321490e-02 1.83473426e-01 2.06617619e-01 1.49586454e-02
8.10000000e-02 -1.36973506e-02 -3.76308268e-02 1.85812145e-01 2.06617619e-01 8.30546063e-03
8.20000000e-02 -1.36954104e-02 -3.76295046e-02 1.88594665e-01 2.06617619e-01 6.88497384e-03
8.30000000e-02 -1.36934701e-02 -3.76281824e-02 1.91808947e-01 2.06617619e-01 7.64755824e-03
8.40000000e-02 -1.36915299e-02 -3.76268603e-02 1.95407085e-01 2.06617619e-01 7.26358633e-03
8.50000000e-02 -1.36895896e-02 -3.76255381e-02 1.99305690e-01 2.06617619e-01 5.23544842e-03
8.60000000e-02 -1.36876493e-02 -3.76242159e-02 2.03424074e-01 2.06617619e-01 6.81505033e-03
8.70000000e-02 -1.36857091e-02 -3.76228937e-02 2.07698428e-01 2.06617619e-01 9.90633919e-03
8.80000000e-02 -1.36837688e-02 -3.76215715e-02 2.12070182e-01 2.06617619e-01 7.07054452e-03
8.90000000e-02 -1.36818286e-02 -3.76202494e-02 2.16491649e-01 2.06617619e-01 9.26700303e-03
9.00000000e-02 -1.36798883e-02 -3.76189272e-02 2.20936901e-01 2.06617619e-01 4.81158902e-03
9.10000000e-02 -1.36779481e-02 -3.76176050e-02 2.25402097e-01 2.06617619e-01 8.70517747e-03
9.20000000e-02 -1.36760078e-02 -3.76162828e-02 2.29898520e-01 2.06617619e-01 5.00923404e-03
9.30000000e-02 -1.36740675e-02 -3.76149606e-02 2.34431413e-01 2.06617619e-01 1.71805423e-02
9.40000000e-02 -1.36721273e-02 -3.76136384e-02 2.38992784e-01 2.06617619e-01 1.54446860e-02
9.50000000e-02 -1.36701870e-02 -3.76123163e-02 2.43582473e-01 2.06617619e-01 2.54427279e-03
9.60000000e-02 -1.36682468e-02 -3.76109941e-02 2.48202674e-01 2.06617619e-01 8.47039229e-03
9.70000000e-02 -1.36663065e-02 -3.76096719e-02 2.52846488e-01 2.06617619e-01 5.39474715e-03
9.80000000e-02 -1.36643663e-02 -3.76083497e-02 2.57496672e-01 2.06617619e-01 2.53224174e-03
9.90000000e-02 -1.36624260e-02 -3.76070275e-02 2.62123329e-01 2.06617619e-01 6.76900504e-03
1.00000000e-01 -1.36604857e-02 -3.76057054e-02 2.66694076e-01 2.06617619e-01 6.09190855e-03
1.01000000e-01 -1.36585455e-02 -3.76043832e-02 2.71181978e-01 2.06617619e-01 5.37760533e-03
1.02000000e-01 -1.36566052e-02 -3.76030610e-02 2.75572086e-01 2.06617619e-01 7.38594769e-03
1.03000000e-01 -1.36546650e-02 -3.76017388e-02 2.79855817e-01 2.06617619e-01 8.91381094e-03
1.04000000e-01 -1.36527247e-02 -3.76004166e-02 2.84025809e-01 2.06617619e-01 1.73283719e-03
1.05000000e-01 -1.36507845e-02 -3.75990945e-02 2.88076366e-01 2.06617619e-01 1.24528209e-02
1.06000000e-01 -1.36488442e-02 -3.75977723e-02 2.92003459e-01 2.06617619e-01 4.83117532e-03
1.07000000e-01 -1.36469039e-02 -3.75964501e-02 2.95804363e-01 2.06617619e-01 1.09533107e-02
1.08000000e-01 -1.36449637e-02 -3.75951279e-02 2.99477221e-01 2.06617619e-01 5.31955632e-03
1.09000000e-01 -1.36430234e-02 -3.75938057e-02 3.03023265e-01 2.06617619e-01 7.86323636e-03
1.10000000e-01 -1.36410832e-02 -3.75924835e-02 3.06448221e-01 2.06617619e-01 1.00860534e-02
1.11000000e-01 -1.36391429e-02 -3.75911614e-02 3.09761988e-01 2.06617619e-01 6.90131955e-03
1.12000000e-01 -1.36372026e-02 -3.75898392e-02 3.12974431e-01 2.06617619e-01 3.55427524e-03
1.13000000e-01 -1.36352624e-02 -3.75885170e-02 3.16089644e-01 2.06617619e-01 7.21106625e-04
1.14000000e-01 -1.36333221e-02 -3.75871948e-02 3.19112526e-01 2.06617619e-01 3.55820874e-03
1.15000000e-01 -1.36313819e-02 -3.75858726e-02 3.22057361e-01 2.06617619e-01 1.62517590e-03
1.16000000e-01 -1.36294416e-02 -3.75845505e-02 3.24940112e-01 2.06617619e-01 1.43922272e-03
1.17000000e-01 -1.36275014e-02 -3.75832283e-02 3.27771969e-01 2.06617619e-01 1.76547279e-03
1.18000000e-01 -1.36255611e-02 -3.75819061e-02 3.30552915e-01 2.06617619e-01 1.48540106e-02
1.19000000e-01 -1.36236208e-02 -3.75805839e-02 3.33269902e-01 2.06617619e-01 1.29079890e-02
1.20000000e-01 -1.36216806e-02 -3.75792617e-02 3.35912116e-01 2.06617619e-01 1.28322609e-02
1.21000000e-01 -1.36197403e-02 -3.75779395e-02 3.38473030e-01 2.06617619e-01 4.59469538e-03
1.22000000e-01 -1.36178001e-02 -3.75766174e-02 3.40949379e-01 2.06617619e-01 6.21092321e-03
1.23000000e-01 -1.36158598e-02 -3.75752952e-02 3.43341348e-01 2.06617619e-01 1.24435661e-02
1.24000000e-01 -1.36139196e-02 -3.75739730e-02 3.45644431e-01 2.06617619e-01 5.80406634e-03
1.25000000e-01 -1.36119793e-02 -3.75726508e-02 3.47855200e-01 2.06617619e-01 9.69956526e-03
1.26000000e-01 -1.36100390e-02 -3.75713286e-02 3.49971041e-01 2.06617619e-01 7.51294294e-03
1.27000000e-01 -1.36080988e-02 -3.75700065e-02 3.51982585e-01 2.06617619e-01 5.17970790e-03
1.28000000e-01 -1.36061585e-02 -3.75686843e-02 3.53878285e-01 2.06617619e-01 3.70794233e-03
1.29000000e-01 -1.36042183e-02 -3.75673621e-02 3.55650965e-01 2.06617619e-01 4.22953519e-03
1.30000000e-01 -1.36022780e-02 -3.75660399e-02 3.57297703e-01 2.06617619e-01 5.61046776e-03
1.31000000e-01 -1.36003378e-02 -3.75647177e-02 3.58819332e-01 2.06617619e-01 8.67255452e-03
1.32000000e-01 -1.35983975e-02 -3.75633956e-02 3.60220382e-01 2.06617619e-01 4.94696577e-03
1.33000000e-01 -1.35964572e-02 -3.75620734e-02 3.61508826e-01 2.06617619e-01 1.08712320e-02
1.34000000e-01 -1.35945170e-02 -3.75607512e-02 3.62692715e-01 2.06617619e-01 8.32932746e-03
1.35000000e-01 -1.35925767e-02 -3.75594290e-02 3.63779180e-01 2.06617619e-01 5.78875142e-03
1.36000000e-01 -1.35906365e-02 -3.75581068e-02 3.64779811e-01 2.06617619e-01 3.36047287e-03
1.37000000e-01 -1.35886962e-02 -3.75567846e-02 3.65708305e-01 2.06617619e-01 1.82588837e-03
1.38000000e-01 -1.35867559e-02 -3.75554625e-02 3.66574875e-01 2.06617619e-01 3.14755344e-03
1.39000000e-01 -1.35848157e-02 -3.75541403e-02 3.67388592e-01 2.06617619e-01 5.54186892e-03
1.40000000e-01 -1.35828754e-02 -3.75528181e-02 3.68155260e-01 2.06617619e-01 8.04352743e-03
1.41000000e-01 -1.35809352e-02 -3.75514959e-02 3.68873100e-01 2.06617619e-01 1.04897640e-02
1.42000000e-01 -1.35789949e-02 -3.75501737e-02 3.69543302e-01 2.06617619e-01 1.28147671e-02
1.43000000e-01 -1.35770547e-02 -3.75488516e-02 3.70172463e-01 2.06617619e-01 3.80616725e-03
1.44000000e-01 -1.35751144e-02 -3.75475294e-02 3.70774104e-01 2.06617619e-01 1.57560542e-02
1.45000000e-01 -1.35731741e-02 -3.75462072e-02 3.71371167e-01 2.06617619e-01 4.47470595e-03
1.46000000e-01 -1.35712339e-02 -3.75448850e-02 3.71990023e-01 2.06617619e-01 1.49055228e-02
1.47000000e-01 -1.35692936e-02 -3.75435628e-02 3.72653303e-01 2.06617619e-01 6.18958697e-03
1.48000000e-01 -1.35673534e-02 -3.75422406e-02 3.73387896e-01 2.06617619e-01 3.11114936e-03
1.49000000e-01 -1.35654131e-02 -3.75409185e-02 3.74242406e-01 2.06617619e-01 6.37811796e-03
1.50000000e-01 -1.35634729e-02 -3.75395963e-02 3.75340445e-01 2.06617619e-01 5.59734907e-03
1.51000000e-01 -1.35615326e-02 -3.75382741e-02 3.76841763e-01 2.06617619e-01 8.63508607e-03
1.52000000e-01 -1.35595923e-02 -3.75369519e-02 3.78643642e-01 2.06617619e-01 6.53985414e-03
1.53000000e-01 -1.35576521e-02 -3.75356297e-02 3.80605623e-01 2.06617619e-01 1.37434284e-02
1.54000000e-01 -1.35557118e-02 -3.75343076e-02 3.82638033e-01 2.06617619e-01 1.14517585e-03
1.55000000e-01 -1.35537716e-02 -3.75329854e-02 3.84689836e-01 2.06617619e-01 1.14971288e-02
1.56000000e-01 -1.35518313e-02 -3.75316632e-02 3.86736215e-01 2.06617619e-01 6.63447523e-03
1.57000000e-01 -1.35498911e-02 -3.75303410e-02 3.88765067e-01 2.06617619e-01 6.23407197e-03
1.58000000e-01 -1.35479508e-02 -3.75290188e-02 3.90770310e-01 2.06617619e-01 3.15754522e-03
1.59000000e-01 -1.35460105e-02 -3.75276967e-02 3.92754741e-01 2.06617619e-01 1.49316892e-03
1.60000000e-01 -1.35440703e-02 -3.75263745e-02 3.94728785e-01 2.06617619e-01 4.02229259e-03
1.61000000e-01 -1.35421300e-02 -3.75250523e-02 3.96702364e-01 2.06617619e-01 5.64050817e-03
1.62000000e-01 -1.35401898e-02 -3.75237301e-02 3.98673703e-01 2.06617619e-01 8.60157489e-03
1.63000000e-01 -1.35382495e-02 -3.75224079e-02 4.00626316e-01 2.06617619e-01 1.10941483e-02
1.64000000e-01 -1.35363093e-02 -3.75210857e-02 4.02536570e-01 2.06617619e-01 7.93345424e-03
1.65000000e-01 -1.35343690e-02 -3.75197636e-02 4.04390748e-01 2.06617619e-01 5.75537562e-03
1.66000000e-01 -1.35324287e-02 -3.75184414e-02 4.06184872e-01 2.06617619e-01 4.02048463e-03
1.67000000e-01 -1.35304885e-02 -3.75171192e-02 4.07922179e-01 2.06617619e-01 8.33142214e-03
1.68000000e-01 -1.35285482e-02 -3.75157970e-02 4.09610655e-01 2.06617619e-01 1.20639643e-02
1.69000000e-01 -1.35266080e-02 -3.75144748e-02 4.11258559e-01 2.06617619e-01 6.23375175e-03
1.70000000e-01 -1.35246677e-02 -3.75131527e-02 4.12868945e-01 2.06617619e-01 9.28478380e-03
1.71000000e-01 -1.35227274e-02 -3.75118305e-02 4.14442233e-01 2.06617619e-01 7.04078117e-03
1.72000000e-01 -1.35207872e-02 -3.75105083e-02 4.15974409e-01 2.06617619e-01 6.45090963e-03
1.73000000e-01 -1.35188469e-02 -3.75091861e-02 4.17456485e-01 2.06617619e-01 7.30818949e-03
1.74000000e-01 -1.35169067e-02 -3.75078639e-02 4.18887113e-01 2.06617619e-01 3.75597983e-03
1.75000000e-01 -1.35149664e-02 -3.75065417e-02 4.20273920e-01 2.06617619e-01 3.63819195e-03
1.76000000e-01 -1.35130262e-02 -3.75052196e-02 4.21627507e-01 2.06617619e-01 6.76394054e-03
1.77000000e-01 -1.35110859e-02 -3.75038974e-02 4.22953217e-01 2.06617619e-01 1.08488893e-02
1.78000000e-01 -1.35091456e-02 -3.75025752e-02 4.24247767e-01 2.06617619e-01 1.02409731e-03
1.79000000e-01 -1.35072054e-02 -3.75012530e-02 4.25507896e-01 2.06617619e-01 1.11209926e-02
1.80000000e-01 -1.35052651e-02 -3.74999308e-02 4.26728509e-01 2.06617619e-01 5.02589529e-03
1.81000000e-01 -1.35033249e-02 -3.74986087e-02 4.27907384e-01 2.06617619e-01 3.65772370e-03
1.82000000e-01 -1.35013846e-02 -3.74972865e-02 4.29034075e-01 2.06617619e-01 1.20935490e-02
1.83000000e-01 -1.34994444e-02 -3.74959643e-02 4.30101782e-01 2.06617619e-01 6.55123924e-03
1.84000000e-01 -1.34975041e-02 -3.74946421e-02 4.31107445e-01 2.06617619e-01 1.03720666e-02
1.85000000e-01 -1.34955638e-02 -3.74933199e-02 4.32044548e-01 2.06617619e-01 7.77639516e-03
1.86000000e-01 -1.34936236e-02 -3.74919978e-02 4.32909919e-01 2.06617619e-01 5.26844972e-03
1.87000000e-01 -1.34916833e-02 -3.74906756e-02 4.33703989e-01 2.06617619e-01 3.34143296e-03
1.88000000e-01 -1.34897431e-02 -3.74893534e-02 4.34429200e-01 2.06617619e-01 3.40393600e-03
1.89000000e-01 -1.34878028e-02 -3.74880312e-02 4.35086979e-01 2.06617619e-01 5.38400537e-03
1.90000000e-01 -1.34858626e-02 -3.74867090e-02 4.35675660e-01 2.06617619e-01 7.90049356e-03
1.91000000e-01 -1.34839223e-02 -3.74853868e-02 4.36194203e-01 2.06617619e-01 1.04928857e-02
1.92000000e-01 -1.34819820e-02 -3.74840647e-02 4.36644425e-01 2.06617619e-01 1.30222584e-02
1.93000000e-01 -1.34800418e-02 -3.74827425e-02 4.37026530e-01 2.06617619e-01 1.54237399e-02
1.94000000e-01 -1.34781015e-02 -3.74814203e-02 4.37341452e-01 2.06617619e-01 1.29557423e-02
1.95000000e-01 -1.34761613e-02 -3.74800981e-02 4.37594811e-01 2.06617619e-01 8.38540612e-03
1.96000000e-01 -1.34742210e-02 -3.74787759e-02 4.37790002e-01 2.06617619e-01 1.74464738e-02
1.97000000e-01 -1.34722807e-02 -3.74774538e-02 4.37925389e-01 2.06617619e-01 2.16931979e-02
1.98000000e-01 -1.34703405e-02 -3.74761316e-02 4.38000803e-01 2.06617619e-01 9.21532045e-03
1.99000000e-01 -1.34684002e-02 -3.74748094e-02 4.38017086e-01 2.06617619e-01 2.07165594e-02
