# seed=42
# cpu_reference=serial
# N variant block_size cpu_mean cpu_stddev gpu_mean gpu_stddev speedup speedup_error
256 0 256 0.0821965 7.69569e-05 0.0117992 3.54097e-05 6.96631 0.0218999
256 1 256 0.0820475 6.75603e-05 0.0148118 0.000346916 5.53933 0.12982
512 0 256 0.328735 0.000376289 0.0274318 5.86529e-05 11.9837 0.0290635
512 1 256 0.328892 0.000314962 0.0240608 0.000792733 13.6692 0.450552
1024 0 256 1.3162 0.00100671 0.0384145 0.00726089 34.263 6.47625
1024 1 256 1.31647 0.000977579 0.0378565 0.00715657 34.7753 6.57415
2000 0 256 5.02291 0.00115877 0.0705751 0.0127143 71.1712 12.8217
2000 1 256 5.0216 0.00238093 0.0623925 0.00910928 80.4841 11.7507
