# t K U E
0.00000000e+00 2.00036410e+02 -7.95746955e+03 -7.75743314e+03
1.00000000e-03 2.13166713e+02 -7.97881000e+03 -7.76564328e+03
2.00000000e-03 2.43175865e+02 -8.01812275e+03 -7.77494688e+03
3.00000000e-03 2.92596584e+02 -8.07869446e+03 -7.78609788e+03
4.00000000e-03 3.65571107e+02 -8.16546253e+03 -7.79989142e+03
5.00000000e-03 4.67639635e+02 -8.28313940e+03 -7.81549977e+03
6.00000000e-03 6.00586252e+02 -8.42420924e+03 -7.82362299e+03
7.00000000e-03 7.42565440e+02 -8.55526420e+03 -7.81269876e+03
8.00000000e-03 8.63820380e+02 -8.68053817e+03 -7.81671780e+03
9.00000000e-03 1.00407133e+03 -8.83916306e+03 -7.83509173e+03
1.00000000e-02 1.17527842e+03 -9.00594923e+03 -7.83067081e+03
1.10000000e-02 1.33697753e+03 -9.17738386e+03 -7.84040633e+03
1.20000000e-02 1.52904078e+03 -9.38668445e+03 -7.85764367e+03
1.30000000e-02 1.74459362e+03 -9.57079594e+03 -7.82620232e+03
1.40000000e-02 1.87469705e+03 -9.64644548e+03 -7.77174843e+03
1.50000000e-02 1.92243221e+03 -9.69460478e+03 -7.77217257e+03
1.60000000e-02 1.96510968e+03 -9.73179802e+03 -7.76668834e+03
1.70000000e-02 2.01408154e+03 -9.81855959e+03 -7.80447805e+03
1.80000000e-02 2.14162100e+03 -9.97682912e+03 -7.83520813e+03
1.90000000e-02 2.32379126e+03 -1.01771266e+04 -7.85333533e+03
2.00000000e-02 2.54804544e+03 -1.04331130e+04 -7.88506759e+03
2.10000000e-02 2.83455052e+03 -1.07128896e+04 -7.87833908e+03
2.20000000e-02 3.07841119e+03 -1.08813720e+04 -7.80296076e+03
2.30000000e-02 3.16997346e+03 -1.09098062e+04 -7.73983277e+03
2.40000000e-02 3.15249723e+03 -1.08821493e+04 -7.72965209e+03
2.50000000e-02 3.12446091e+03 -1.08560999e+04 -7.73163897e+03
2.60000000e-02 3.09166709e+03 -1.08096004e+04 -7.71793329e+03
2.70000000e-02 3.03363771e+03 -1.07732555e+04 -7.73961776e+03
2.80000000e-02 3.03765977e+03 -1.08378650e+04 -7.80020522e+03
2.90000000e-02 3.16529265e+03 -1.10258133e+04 -7.86052070e+03
3.00000000e-02 3.41096729e+03 -1.13142153e+04 -7.90324800e+03
3.10000000e-02 3.73302526e+03 -1.16488050e+04 -7.91577979e+03
3.20000000e-02 4.07602730e+03 -1.19679414e+04 -7.89191409e+03
3.30000000e-02 4.33409452e+03 -1.20909122e+04 -7.75681769e+03
3.40000000e-02 4.32164517e+03 -1.20243773e+04 -7.70273217e+03
3.50000000e-02 4.25475221e+03 -1.20239808e+04 -7.76922856e+03
3.60000000e-02 4.33549262e+03 -1.21766961e+04 -7.84120349e+03
3.70000000e-02 4.54280112e+03 -1.23735234e+04 -7.83072224e+03
3.80000000e-02 4.67560006e+03 -1.23901515e+04 -7.71455146e+03
3.90000000e-02 4.59859729e+03 -1.22894198e+04 -7.69082253e+03
4.00000000e-02 4.49653651e+03 -1.22033219e+04 -7.70678536e+03
4.10000000e-02 4.42567915e+03 -1.21617102e+04 -7.73603104e+03
4.20000000e-02 4.42016251e+03 -1.21975460e+04 -7.77738347e+03
4.30000000e-02 4.49358835e+03 -1.22975471e+04 -7.80395878e+03
4.40000000e-02 4.61523960e+03 -1.24316260e+04 -7.81638637e+03
4.50000000e-02 4.75570336e+03 -1.25656825e+04 -7.80997911e+03
4.60000000e-02 4.88057816e+03 -1.26947284e+04 -7.81415020e+03
4.70000000e-02 5.03087902e+03 -1.28916279e+04 -7.86074888e+03
4.80000000e-02 5.28049249e+03 -1.31882542e+04 -7.90776175e+03
4.90000000e-02 5.61535948e+03 -1.35541325e+04 -7.93877306e+03
5.00000000e-02 6.02564091e+03 -1.40381065e+04 -8.01246555e+03
5.10000000e-02 6.60402053e+03 -1.47064658e+04 -8.10244528e+03
5.20000000e-02 7.34347959e+03 -1.54037078e+04 -8.06022825e+03
5.30000000e-02 7.93808276e+03 -1.58478608e+04 -7.90977799e+03
5.40000000e-02 8.27413050e+03 -1.61567087e+04 -7.88257816e+03
5.50000000e-02 8.53479479e+03 -1.62290123e+04 -7.69421755e+03
5.60000000e-02 8.41570821e+03 -1.60648741e+04 -7.64916585e+03
5.70000000e-02 8.25033904e+03 -1.59267119e+04 -7.67637289e+03
5.80000000e-02 8.14899235e+03 -1.58902932e+04 -7.74130085e+03
5.90000000e-02 8.17619877e+03 -1.59523685e+04 -7.77616971e+03
6.00000000e-02 8.24298273e+03 -1.60391817e+04 -7.79619897e+03
6.10000000e-02 8.39501768e+03 -1.62731184e+04 -7.87810069e+03
6.20000000e-02 8.66303231e+03 -1.64446164e+04 -7.78158412e+03
6.30000000e-02 8.70249284e+03 -1.63957895e+04 -7.69329663e+03
6.40000000e-02 8.61949284e+03 -1.63842180e+04 -7.76472514e+03
6.50000000e-02 8.70572597e+03 -1.65771096e+04 -7.87138361e+03
6.60000000e-02 8.99423399e+03 -1.68937394e+04 -7.89950539e+03
6.70000000e-02 9.29700943e+03 -1.71716613e+04 -7.87465191e+03
6.80000000e-02 9.58791968e+03 -1.75436373e+04 -7.95571765e+03
6.90000000e-02 1.00648729e+04 -1.81191793e+04 -8.05430635e+03
7.00000000e-02 1.07083992e+04 -1.87144967e+04 -8.00609754e+03
7.10000000e-02 1.12253141e+04 -1.92510212e+04 -8.02570713e+03
7.20000000e-02 1.18665920e+04 -2.00952750e+04 -8.22868293e+03
7.30000000e-02 1.29550689e+04 -2.13337534e+04 -8.37868453e+03
7.40000000e-02 1.42830162e+04 -2.23030143e+04 -8.01999806e+03
7.50000000e-02 1.45552808e+04 -2.17200630e+04 -7.16478216e+03
7.60000000e-02 1.34898057e+04 -2.08005949e+04 -7.31078920e+03
7.70000000e-02 1.27958716e+04 -2.02982037e+04 -7.50233212e+03
7.80000000e-02 1.23941165e+04 -1.99245439e+04 -7.53042734e+03
7.90000000e-02 1.19899198e+04 -1.95488248e+04 -7.55890497e+03
8.00000000e-02 1.16898247e+04 -1.93260126e+04 -7.63618792e+03
8.10000000e-02 1.15199222e+04 -1.91883986e+04 -7.66847636e+03
8.20000000e-02 1.14067494e+04 -1.90472012e+04 -7.64045174e+03
8.30000000e-02 1.11885412e+04 -1.87014819e+04 -7.51294073e+03
8.40000000e-02 1.07088507e+04 -1.81190047e+04 -7.41015405e+03
8.50000000e-02 1.00709276e+04 -1.74954553e+04 -7.42452775e+03
8.60000000e-02 9.46765531e+03 -1.69201360e+04 -7.45248064e+03
8.70000000e-02 8.90912806e+03 -1.63712100e+04 -7.46208195e+03
8.80000000e-02 8.37754674e+03 -1.59012606e+04 -7.52371389e+03
8.90000000e-02 7.98065631e+03 -1.55898629e+04 -7.60920661e+03
9.00000000e-02 7.75645880e+03 -1.54522569e+04 -7.69579805e+03
9.10000000e-02 7.69909127e+03 -1.54363040e+04 -7.73721271e+03
9.20000000e-02 7.69843762e+03 -1.53953072e+04 -7.69686962e+03
9.30000000e-02 7.60110532e+03 -1.52701471e+04 -7.66904175e+03
9.40000000e-02 7.48165375e+03 -1.51795865e+04 -7.69793270e+03
9.50000000e-02 7.40820064e+03 -1.50892409e+04 -7.68104025e+03
9.60000000e-02 7.28746698e+03 -1.49249680e+04 -7.63750103e+03
9.70000000e-02 7.07708163e+03 -1.46666239e+04 -7.58954223e+03
9.80000000e-02 6.75575184e+03 -1.42815217e+04 -7.52576982e+03
9.90000000e-02 6.33141471e+03 -1.38559493e+04 -7.52453455e+03
1.00000000e-01 5.90932396e+03 -1.34684166e+04 -7.55909268e+03
1.01000000e-01 5.56598702e+03 -1.31684247e+04 -7.60243768e+03
1.02000000e-01 5.30195452e+03 -1.29235376e+04 -7.62158304e+03
1.03000000e-01 5.06851015e+03 -1.26974465e+04 -7.62893635e+03
1.04000000e-01 4.85148178e+03 -1.24948593e+04 -7.64337752e+03
1.05000000e-01 4.66287383e+03 -1.23195758e+04 -7.65670198e+03
1.06000000e-01 4.50026435e+03 -1.21666486e+04 -7.66638423e+03
1.07000000e-01 4.35325468e+03 -1.20296873e+04 -7.67643259e+03
1.08000000e-01 4.23194657e+03 -1.19310130e+04 -7.69906647e+03
1.09000000e-01 4.15777494e+03 -1.18856206e+04 -7.72784568e+03
1.10000000e-01 4.14137839e+03 -1.18933189e+04 -7.75194053e+03
1.11000000e-01 4.16712945e+03 -1.19232871e+04 -7.75615767e+03
1.12000000e-01 4.19215501e+03 -1.19318210e+04 -7.73966597e+03
1.13000000e-01 4.19498147e+03 -1.19615791e+04 -7.76659759e+03
1.14000000e-01 4.26656449e+03 -1.20710981e+04 -7.80453362e+03
1.15000000e-01 4.40177363e+03 -1.21978182e+04 -7.79604455e+03
1.16000000e-01 4.51043086e+03 -1.22741071e+04 -7.76367622e+03
1.17000000e-01 4.54218555e+03 -1.22411125e+04 -7.69892698e+03
1.18000000e-01 4.43815369e+03 -1.20907241e+04 -7.65257039e+03
1.19000000e-01 4.27196683e+03 -1.19419739e+04 -7.67000710e+03
1.20000000e-01 4.14049440e+03 -1.18163079e+04 -7.67581354e+03
1.21000000e-01 4.01827827e+03 -1.17100450e+04 -7.69176670e+03
1.22000000e-01 3.93140350e+03 -1.16286200e+04 -7.69721652e+03
1.23000000e-01 3.83564118e+03 -1.15090551e+04 -7.67341391e+03
1.24000000e-01 3.70615350e+03 -1.13952417e+04 -7.68908816e+03
1.25000000e-01 3.60589578e+03 -1.12900486e+04 -7.68415278e+03
1.26000000e-01 3.48045981e+03 -1.11336619e+04 -7.65320210e+03
1.27000000e-01 3.30184241e+03 -1.09625571e+04 -7.66071472e+03
1.28000000e-01 3.14896754e+03 -1.08368401e+04 -7.68787260e+03
1.29000000e-01 3.05006706e+03 -1.07661500e+04 -7.71608292e+03
1.30000000e-01 3.00707515e+03 -1.07520139e+04 -7.74493877e+03
1.31000000e-01 3.02189103e+03 -1.07960002e+04 -7.77410917e+03
1.32000000e-01 3.09516039e+03 -1.08933782e+04 -7.79821779e+03
1.33000000e-01 3.21123784e+03 -1.10121970e+04 -7.80095912e+03
1.34000000e-01 3.33003395e+03 -1.11429596e+04 -7.81292566e+03
1.35000000e-01 3.48556330e+03 -1.13289556e+04 -7.84339232e+03
1.36000000e-01 3.69622303e+03 -1.15412241e+04 -7.84500111e+03
1.37000000e-01 3.90106047e+03 -1.17250428e+04 -7.82398233e+03
1.38000000e-01 4.06831899e+03 -1.18952639e+04 -7.82694489e+03
1.39000000e-01 4.24061248e+03 -1.20277339e+04 -7.78712140e+03
1.40000000e-01 4.32164218e+03 -1.20934994e+04 -7.77185726e+03
1.41000000e-01 4.39814018e+03 -1.22084467e+04 -7.81030652e+03
1.42000000e-01 4.55635453e+03 -1.24132173e+04 -7.85686273e+03
1.43000000e-01 4.81104195e+03 -1.27255262e+04 -7.91448427e+03
1.44000000e-01 5.18685197e+03 -1.31612517e+04 -7.97439972e+03
1.45000000e-01 5.67549301e+03 -1.36559782e+04 -7.98048515e+03
1.46000000e-01 6.15576620e+03 -1.41468893e+04 -7.99112306e+03
1.47000000e-01 6.69298629e+03 -1.47542264e+04 -8.06124011e+03
1.48000000e-01 7.41031607e+03 -1.57103167e+04 -8.30000062e+03
1.49000000e-01 8.71313708e+03 -1.74843133e+04 -8.77117625e+03
1.50000000e-01 1.10133340e+04 -1.94972405e+04 -8.48390656e+03
1.51000000e-01 1.16664854e+04 -1.82858916e+04 -6.61940624e+03
1.52000000e-01 9.56827992e+03 -1.64112274e+04 -6.84294746e+03
1.53000000e-01 7.92395022e+03 -1.50024530e+04 -7.07850280e+03
1.54000000e-01 6.75124736e+03 -1.40631520e+04 -7.31190468e+03
1.55000000e-01 6.00871408e+03 -1.34861335e+04 -7.47741942e+03
1.56000000e-01 5.56611600e+03 -1.31360620e+04 -7.56994603e+03
1.57000000e-01 5.28982168e+03 -1.29278105e+04 -7.63798884e+03
1.58000000e-01 5.15375720e+03 -1.28618213e+04 -7.70806412e+03
1.59000000e-01 5.15295542e+03 -1.29035308e+04 -7.75057540e+03
1.60000000e-01 5.22281471e+03 -1.29501890e+04 -7.72737426e+03
1.61000000e-01 5.21754483e+03 -1.28678849e+04 -7.65034003e+03
1.62000000e-01 5.05797840e+03 -1.26052144e+04 -7.54723600e+03
1.63000000e-01 4.69867083e+03 -1.22479449e+04 -7.54927403e+03
1.64000000e-01 4.38194042e+03 -1.20026304e+04 -7.62068997e+03
1.65000000e-01 4.20620608e+03 -1.18934025e+04 -7.68719637e+03
1.66000000e-01 4.15847678e+03 -1.18979146e+04 -7.73943783e+03
1.67000000e-01 4.20966070e+03 -1.19778386e+04 -7.76817786e+03
1.68000000e-01 4.30857610e+03 -1.20672601e+04 -7.75868399e+03
1.69000000e-01 4.37195140e+03 -1.20961685e+04 -7.72421713e+03
1.70000000e-01 4.37533688e+03 -1.20839529e+04 -7.70861602e+03
1.71000000e-01 4.34365937e+03 -1.20088693e+04 -7.66520990e+03
1.72000000e-01 4.21907264e+03 -1.18797668e+04 -7.66069418e+03
1.73000000e-01 4.11781057e+03 -1.18414885e+04 -7.72367797e+03
1.74000000e-01 4.14435449e+03 -1.19200946e+04 -7.77574007e+03
1.75000000e-01 4.26304771e+03 -1.20519021e+04 -7.78885439e+03
1.76000000e-01 4.39429076e+03 -1.21317682e+04 -7.73747747e+03
1.77000000e-01 4.40401838e+03 -1.20964180e+04 -7.69239961e+03
1.78000000e-01 4.35490504e+03 -1.20359751e+04 -7.68107010e+03
1.79000000e-01 4.26293992e+03 -1.19334572e+04 -7.67051725e+03
1.80000000e-01 4.17576659e+03 -1.18428207e+04 -7.66705413e+03
1.81000000e-01 4.03711169e+03 -1.16501238e+04 -7.61301208e+03
1.82000000e-01 3.83381412e+03 -1.14924003e+04 -7.65858622e+03
1.83000000e-01 3.71913408e+03 -1.13812310e+04 -7.66209692e+03
1.84000000e-01 3.58908394e+03 -1.12482601e+04 -7.65917620e+03
1.85000000e-01 3.47302808e+03 -1.11645658e+04 -7.69153773e+03
1.86000000e-01 3.42033278e+03 -1.11366804e+04 -7.71634764e+03
1.87000000e-01 3.41358667e+03 -1.11450972e+04 -7.73151053e+03
1.88000000e-01 3.43129840e+03 -1.11564366e+04 -7.72513822e+03
1.89000000e-01 3.43056617e+03 -1.11476437e+04 -7.71707750e+03
1.90000000e-01 3.42226982e+03 -1.11530515e+04 -7.73078164e+03
1.91000000e-01 3.44688914e+03 -1.11926018e+04 -7.74571262e+03
1.92000000e-01 3.48908440e+03 -1.12182066e+04 -7.72912219e+03
1.93000000e-01 3.50516734e+03 -1.12538969e+04 -7.74872954e+03
1.94000000e-01 3.56936686e+03 -1.13391669e+04 -7.76980004e+03
1.95000000e-01 3.66046314e+03 -1.14036676e+04 -7.74320442e+03
1.96000000e-01 3.69059860e+03 -1.14145617e+04 -7.72396305e+03
1.97000000e-01 3.69842036e+03 -1.14337461e+04 -7.73532578e+03
1.98000000e-01 3.72837595e+03 -1.14621560e+04 -7.73378003e+03
1.99000000e-01 3.74415826e+03 -1.14683227e+04 -7.72416449e+03
