# t x y
0.00000000e+00 5.00000000e-01 0.00000000e+00
0.00000000e+00 -5.00000000e-01 0.00000000e+00
0.00000000e+00 2.96542984e-01 -3.16565212e-01
0.00000000e+00 -5.41672425e-02 -4.00025079e-01
0.00000000e+00 -3.57133186e-01 1.50888473e-01
0.00000000e+00 4.38552714e-01 -4.99221235e-01
0.00000000e+00 1.11653162e-01 -4.92933691e-01
0.00000000e+00 -1.00139022e-01 -4.53334332e-01
0.00000000e+00 -4.09393564e-01 1.18386015e-01
0.00000000e+00 -3.32371014e-02 3.59940403e-01
0.00000000e+00 -4.86735042e-01 4.42201754e-01
0.00000000e+00 -4.84033743e-01 -2.69106179e-01
0.00000000e+00 1.09996657e-01 3.33194913e-01
0.00000000e+00 -3.17763913e-01 2.55361409e-01
0.00000000e+00 6.77003273e-02 -4.68686708e-01
0.00000000e+00 -1.04849768e-01 4.26658862e-01
0.00000000e+00 7.04439760e-02 2.08342660e-02
0.00000000e+00 2.47320111e-01 3.96921295e-02
0.00000000e+00 1.07034250e-01 -2.24000816e-01
0.00000000e+00 -4.84363595e-01 -7.65985230e-02
0.00000000e+00 -4.85920176e-01 -3.01157597e-01
0.00000000e+00 1.05959980e-01 4.26300878e-01
0.00000000e+00 3.50038575e-01 -5.05493256e-02
0.00000000e+00 1.68841257e-01 1.65922352e-01
0.00000000e+00 6.12434230e-02 -1.17073126e-01
0.00000000e+00 2.21729518e-01 -2.64015081e-01
0.00000000e+00 2.10662890e-01 -3.89109173e-01
0.00000000e+00 3.95763598e-01 -2.46297753e-02
0.00000000e+00 -3.60668546e-01 1.04417378e-01
0.00000000e+00 4.42853573e-01 9.88654657e-02
0.00000000e+00 1.24354044e-01 -2.04366312e-01
0.00000000e+00 -2.81559561e-01 -8.34900543e-02
0.00000000e+00 -3.77912047e-01 -1.43702158e-01
0.00000000e+00 1.47690123e-01 -4.99479623e-01
0.00000000e+00 -3.35344149e-01 3.40894224e-02
0.00000000e+00 -2.30587667e-01 -2.55874479e-01
0.00000000e+00 5.81020023e-02 -9.61638271e-02
0.00000000e+00 -2.53123936e-01 1.96304271e-01
0.00000000e+00 4.97740490e-01 -2.33218984e-01
0.00000000e+00 -4.66949264e-01 -1.54928751e-01
0.00000000e+00 3.09345844e-02 -5.22168368e-02
0.00000000e+00 -4.19146674e-01 -1.30345540e-01
0.00000000e+00 -2.96993692e-02 4.83423137e-01
0.00000000e+00 2.98345122e-01 -3.49282456e-01
0.00000000e+00 3.58358801e-01 -1.74041093e-01
0.00000000e+00 3.09501052e-01 -1.51334013e-01
0.00000000e+00 -1.02427980e-01 1.77513450e-02
0.00000000e+00 2.35216124e-01 -2.90928382e-01
0.00000000e+00 -2.71449982e-01 -3.25045075e-01
0.00000000e+00 -2.39170823e-01 4.96253699e-01
5.00000000e-03 4.95768856e-01 1.51353350e-02
5.00000000e-03 -4.95787870e-01 -1.80832774e-02
5.00000000e-03 2.92912925e-01 -3.14242597e-01
5.00000000e-03 -5.37295628e-02 -3.98877871e-01
5.00000000e-03 -3.60686343e-01 1.42275991e-01
5.00000000e-03 4.36781745e-01 -4.95987843e-01
5.00000000e-03 1.12135222e-01 -4.88439613e-01
5.00000000e-03 -9.77271380e-02 -4.49398620e-01
5.00000000e-03 -4.09835467e-01 1.08394486e-01
5.00000000e-03 -3.34263218e-02 3.59046524e-01
5.00000000e-03 -4.85197801e-01 4.39253214e-01
5.00000000e-03 -4.81866692e-01 -2.64357727e-01
5.00000000e-03 1.08737021e-01 3.31795961e-01
5.00000000e-03 -3.17851435e-01 2.49212787e-01
5.00000000e-03 7.09672689e-02 -4.66469466e-01
5.00000000e-03 -1.03367869e-01 4.24118426e-01
5.00000000e-03 7.07694573e-02 1.75420066e-02
5.00000000e-03 2.50265242e-01 3.73393229e-02
5.00000000e-03 1.09972834e-01 -2.20590207e-01
5.00000000e-03 -4.87074473e-01 -4.63137209e-02
5.00000000e-03 -4.83477857e-01 -2.93085517e-01
5.00000000e-03 1.04513954e-01 4.22913528e-01
5.00000000e-03 3.58470045e-01 -4.80087914e-02
5.00000000e-03 1.69335027e-01 1.62820134e-01
5.00000000e-03 6.22973028e-02 -1.14208655e-01
5.00000000e-03 2.23173193e-01 -2.64542253e-01
5.00000000e-03 2.11017868e-01 -3.84449503e-01
5.00000000e-03 4.10475263e-01 -2.11752300e-02
5.00000000e-03 -3.66796964e-01 9.94550798e-02
5.00000000e-03 4.50355553e-01 8.02139588e-02
5.00000000e-03 1.24133935e-01 -2.04205544e-01
5.00000000e-03 -2.86852091e-01 -8.15833142e-02
5.00000000e-03 -3.84538083e-01 -1.36139905e-01
5.00000000e-03 1.44489507e-01 -4.94546079e-01
5.00000000e-03 -3.44279250e-01 3.32260447e-02
5.00000000e-03 -2.32214761e-01 -2.54028489e-01
5.00000000e-03 5.85714666e-02 -9.66610200e-02
5.00000000e-03 -2.56480762e-01 1.92823960e-01
5.00000000e-03 4.94400992e-01 -2.27557885e-01
5.00000000e-03 -4.64350475e-01 -1.42001436e-01
5.00000000e-03 3.38201983e-02 -5.47523138e-02
5.00000000e-03 -4.23913991e-01 -1.20797941e-01
5.00000000e-03 -3.04823526e-02 4.79455118e-01
5.00000000e-03 2.94796483e-01 -3.42563137e-01
5.00000000e-03 3.56906342e-01 -1.68864486e-01
5.00000000e-03 3.12315406e-01 -1.49217302e-01
5.00000000e-03 -1.02538061e-01 1.67042804e-02
5.00000000e-03 2.35694854e-01 -2.87758727e-01
5.00000000e-03 -2.70614579e-01 -3.20403301e-01
5.00000000e-03 -2.37969797e-01 4.93241011e-01
1.00000000e-02 4.83452045e-01 2.91581750e-02
1.00000000e-02 -4.83877790e-01 -3.95708827e-02
1.00000000e-02 2.82597784e-01 -3.07866781e-01
1.00000000e-02 -5.26581128e-02 -3.95707782e-01
1.00000000e-02 -3.69943059e-01 1.18094590e-01
1.00000000e-02 4.31612426e-01 -4.87497591e-01
1.00000000e-02 1.13615121e-01 -4.76428042e-01
1.00000000e-02 -9.16126372e-02 -4.38554280e-01
1.00000000e-02 -4.10044860e-01 8.08007281e-02
1.00000000e-02 -3.40207848e-02 3.56788450e-01
1.00000000e-02 -4.81136368e-01 4.31566768e-01
1.00000000e-02 -4.75951733e-01 -2.50832584e-01
1.00000000e-02 1.05700679e-01 3.28207445e-01
1.00000000e-02 -3.17812631e-01 2.33014484e-01
1.00000000e-02 7.97357348e-02 -4.60534417e-01
1.00000000e-02 -9.94049824e-02 4.17495026e-01
1.00000000e-02 7.13094337e-02 8.27118834e-03
1.00000000e-02 2.58574105e-01 3.09649387e-02
1.00000000e-02 1.17668159e-01 -2.11475623e-01
1.00000000e-02 -4.95152291e-01 1.45413617e-02
1.00000000e-02 -4.77160699e-01 -2.71010908e-01
1.00000000e-02 1.00565356e-01 4.13434000e-01
1.00000000e-02 3.82169715e-01 -3.91080790e-02
1.00000000e-02 1.70804153e-01 1.54700790e-01
1.00000000e-02 6.44392983e-02 -1.06912694e-01
1.00000000e-02 2.27348099e-01 -2.65714655e-01
1.00000000e-02 2.12070420e-01 -3.71425591e-01
1.00000000e-02 4.56064623e-01 -2.63133315e-03
1.00000000e-02 -3.82768594e-01 8.47205582e-02
1.00000000e-02 4.83243323e-01 1.75989894e-02
1.00000000e-02 1.24088012e-01 -2.03469645e-01
1.00000000e-02 -3.02830081e-01 -7.62503676e-02
1.00000000e-02 -4.05713002e-01 -1.12787185e-01
1.00000000e-02 1.35852595e-01 -4.81116297e-01
1.00000000e-02 -3.69548679e-01 2.90731014e-02
1.00000000e-02 -2.36568043e-01 -2.48833416e-01
1.00000000e-02 6.03287310e-02 -9.72807468e-02
1.00000000e-02 -2.65513578e-01 1.83749011e-01
1.00000000e-02 4.84962695e-01 -2.12612452e-01
1.00000000e-02 -4.59544586e-01 -1.00322545e-01
1.00000000e-02 4.16864168e-02 -6.18764121e-02
1.00000000e-02 -4.41258617e-01 -9.00982481e-02
1.00000000e-02 -3.24752604e-02 4.68479880e-01
1.00000000e-02 2.84877668e-01 -3.24760218e-01
1.00000000e-02 3.52948858e-01 -1.55271270e-01
1.00000000e-02 3.20115565e-01 -1.43827410e-01
1.00000000e-02 -1.03156868e-01 1.37060865e-02
1.00000000e-02 2.36958288e-01 -2.79965777e-01
1.00000000e-02 -2.68949281e-01 -3.07739930e-01
1.00000000e-02 -2.35087210e-01 4.85185290e-01
1.50000000e-02 4.64708207e-01 3.74375388e-02
1.50000000e-02 -4.62428718e-01 -6.13092014e-02
1.50000000e-02 2.64693825e-01 -2.95857000e-01
1.50000000e-02 -5.12509983e-02 -3.90580496e-01
1.50000000e-02 -3.86971440e-01 7.46479401e-02
1.50000000e-02 4.22971922e-01 -4.73721329e-01
1.50000000e-02 1.15302114e-01 -4.56791948e-01
1.50000000e-02 -8.14835928e-02 -4.20488177e-01
1.50000000e-02 -4.12026469e-01 3.20158327e-02
1.50000000e-02 -3.49582608e-02 3.53420358e-01
1.50000000e-02 -4.74528704e-01 4.19181386e-01
1.50000000e-02 -4.66394698e-01 -2.25423148e-01
1.50000000e-02 1.00907124e-01 3.22605684e-01
1.50000000e-02 -3.17389339e-01 2.06372102e-01
1.50000000e-02 9.49607922e-02 -4.50770779e-01
1.50000000e-02 -9.24578648e-02 4.06774512e-01
1.50000000e-02 7.22506827e-02 -7.70847787e-03
1.50000000e-02 2.73658787e-01 2.10847620e-02
1.50000000e-02 1.29037619e-01 -1.97788889e-01
1.50000000e-02 -4.83926176e-01 1.72159261e-02
1.50000000e-02 -4.66956742e-01 -2.32884666e-01
1.50000000e-02 9.41303885e-02 3.97590721e-01
1.50000000e-02 4.26260549e-01 -1.58933845e-02
1.50000000e-02 1.73729445e-01 1.41440200e-01
1.50000000e-02 6.71896340e-02 -9.55051288e-02
1.50000000e-02 2.34754328e-01 -2.67789958e-01
1.50000000e-02 2.14160871e-01 -3.48822177e-01
1.50000000e-02 5.17627364e-01 5.58449522e-02
1.50000000e-02 -4.08420458e-01 5.34627518e-02
1.50000000e-02 5.14730547e-01 -3.23116437e-02
1.50000000e-02 1.25285428e-01 -2.01035473e-01
1.50000000e-02 -3.34387436e-01 -6.67934876e-02
1.50000000e-02 -4.56716075e-01 -5.93044868e-02
1.50000000e-02 1.21557408e-01 -4.58932240e-01
1.50000000e-02 -4.15843880e-01 1.55749140e-02
1.50000000e-02 -2.44317364e-01 -2.40233571e-01
1.50000000e-02 6.37543597e-02 -9.65338648e-02
1.50000000e-02 -2.80286490e-01 1.68857650e-01
1.50000000e-02 4.69136606e-01 -1.87897289e-01
1.50000000e-02 -4.68466952e-01 -1.60331589e-02
1.50000000e-02 5.50877744e-02 -7.42717469e-02
1.50000000e-02 -4.85742788e-01 -2.59150856e-02
1.50000000e-02 -3.57301306e-02 4.50098080e-01
1.50000000e-02 2.67310374e-01 -2.96074753e-01
1.50000000e-02 3.46702215e-01 -1.33323090e-01
1.50000000e-02 3.33072118e-01 -1.34424318e-01
1.50000000e-02 -1.04418390e-01 8.67425280e-03
1.50000000e-02 2.39393832e-01 -2.69336705e-01
1.50000000e-02 -2.66808995e-01 -2.86271051e-01
1.50000000e-02 -2.30408523e-01 4.72096759e-01
2.00000000e-02 4.44551279e-01 3.94308779e-02
2.00000000e-02 -4.35013976e-01 -7.25476410e-02
2.00000000e-02 2.38780810e-01 -2.74564379e-01
2.00000000e-02 -4.99238645e-02 -3.83395549e-01
2.00000000e-02 -4.18257901e-01 2.33367205e-03
2.00000000e-02 4.10742923e-01 -4.54524074e-01
2.00000000e-02 1.15544181e-01 -4.29651063e-01
2.00000000e-02 -6.67869525e-02 -3.94865075e-01
2.00000000e-02 -4.31679247e-01 -4.98403492e-02
2.00000000e-02 -3.62415316e-02 3.49454137e-01
2.00000000e-02 -4.65356691e-01 4.02049578e-01
2.00000000e-02 -4.52439326e-01 -1.79860765e-01
2.00000000e-02 9.42739762e-02 3.15329544e-01
2.00000000e-02 -3.16419695e-01 1.68362791e-01
2.00000000e-02 1.16109066e-01 -4.35742290e-01
2.00000000e-02 -8.16202717e-02 3.91899638e-01
2.00000000e-02 7.40904064e-02 -3.20556502e-02
2.00000000e-02 2.98567273e-01 8.63346659e-03
2.00000000e-02 1.42229337e-01 -1.81626900e-01
2.00000000e-02 -4.47440455e-01 -3.32943890e-02
2.00000000e-02 -4.52165777e-01 -1.73036610e-01
2.00000000e-02 8.52023335e-02 3.74914874e-01
2.00000000e-02 4.86858888e-01 5.02637331e-02
2.00000000e-02 1.78903811e-01 1.22779570e-01
2.00000000e-02 7.08020894e-02 -8.16326997e-02
2.00000000e-02 2.45114616e-01 -2.70295311e-01
2.00000000e-02 2.18096185e-01 -3.13879188e-01
2.00000000e-02 5.22636843e-01 1.02200743e-01
2.00000000e-02 -4.44597171e-01 -1.16550630e-02
2.00000000e-02 5.12887511e-01 -4.24739994e-02
2.00000000e-02 1.29755379e-01 -1.94851735e-01
2.00000000e-02 -3.97417136e-01 -5.35478871e-02
2.00000000e-02 -5.10933761e-01 -4.46032545e-04
2.00000000e-02 1.03686834e-01 -4.28395473e-01
2.00000000e-02 -4.78455353e-01 -3.09069098e-02
2.00000000e-02 -2.56719884e-01 -2.27938679e-01
2.00000000e-02 6.97354776e-02 -9.24967383e-02
2.00000000e-02 -3.01003594e-01 1.47857358e-01
2.00000000e-02 4.46569099e-01 -1.51743410e-01
2.00000000e-02 -4.72421319e-01 2.83206006e-02
2.00000000e-02 7.38630511e-02 -9.11253374e-02
2.00000000e-02 -4.99641099e-01 8.45285361e-03
2.00000000e-02 -4.04032910e-02 4.23516496e-01
2.00000000e-02 2.40647484e-01 -2.58632645e-01
2.00000000e-02 3.40601610e-01 -1.03769284e-01
2.00000000e-02 3.50044147e-01 -1.18092489e-01
2.00000000e-02 -1.06544178e-01 1.47893292e-03
2.00000000e-02 2.43062177e-01 -2.59249814e-01
2.00000000e-02 -2.65080311e-01 -2.54480697e-01
2.00000000e-02 -2.23784918e-01 4.53947531e-01
2.50000000e-02 4.24068619e-01 3.78228638e-02
2.50000000e-02 -4.10874383e-01 -7.21149983e-02
2.50000000e-02 2.10805185e-01 -2.44236605e-01
2.50000000e-02 -4.83308026e-02 -3.72665524e-01
2.50000000e-02 -4.53715515e-01 -1.20662795e-01
2.50000000e-02 3.94725043e-01 -4.29618373e-01
2.50000000e-02 1.14130378e-01 -3.95745122e-01
2.50000000e-02 -4.74805260e-02 -3.62475309e-01
2.50000000e-02 -4.49859199e-01 -1.43877097e-01
2.50000000e-02 -3.80889807e-02 3.45829808e-01
2.50000000e-02 -4.53594782e-01 3.80042788e-01
2.50000000e-02 -4.28131140e-01 -9.00169835e-02
2.50000000e-02 8.54598349e-02 3.06915764e-01
2.50000000e-02 -3.16150731e-01 1.17825455e-01
2.50000000e-02 1.35852559e-01 -4.11140694e-01
2.50000000e-02 -6.54600892e-02 3.72661007e-01
2.50000000e-02 7.80541807e-02 -6.76364236e-02
2.50000000e-02 3.40401305e-01 -3.96991469e-03
2.50000000e-02 1.56010714e-01 -1.64812718e-01
2.50000000e-02 -3.97209548e-01 -1.21201149e-01
2.50000000e-02 -4.25056557e-01 -6.82138762e-02
2.50000000e-02 7.38089474e-02 3.44754175e-01
2.50000000e-02 4.98608518e-01 1.17948356e-01
2.50000000e-02 1.87542466e-01 9.82514623e-02
2.50000000e-02 7.79829769e-02 -6.98765528e-02
2.50000000e-02 2.49481546e-01 -2.66236570e-01
2.50000000e-02 2.24706977e-01 -2.62195413e-01
2.50000000e-02 4.92710608e-01 1.20366066e-01
2.50000000e-02 -4.58678112e-01 -1.23258574e-01
2.50000000e-02 4.82836616e-01 -2.60359991e-02
2.50000000e-02 1.39440983e-01 -1.83357672e-01
2.50000000e-02 -4.92631833e-01 -6.62816266e-02
2.50000000e-02 -5.20092668e-01 3.10224896e-02
2.50000000e-02 8.94019065e-02 -3.91594210e-01
2.50000000e-02 -4.95146536e-01 -1.07159922e-01
2.50000000e-02 -2.75389979e-01 -2.09907731e-01
2.50000000e-02 8.02559754e-02 -8.54038333e-02
2.50000000e-02 -3.26994585e-01 1.19247966e-01
2.50000000e-02 4.16475490e-01 -1.00280139e-01
2.50000000e-02 -4.59295766e-01 2.48972566e-02
2.50000000e-02 9.50171535e-02 -1.06067533e-01
2.50000000e-02 -4.75130915e-01 7.41478864e-03
2.50000000e-02 -4.66586785e-02 3.87355487e-01
2.50000000e-02 2.10606511e-01 -2.21041196e-01
2.50000000e-02 3.40476318e-01 -6.56697799e-02
2.50000000e-02 3.68883025e-01 -8.89601996e-02
2.50000000e-02 -1.09942072e-01 -8.11501912e-03
2.50000000e-02 2.42103562e-01 -2.49179663e-01
2.50000000e-02 -2.66532659e-01 -2.10472507e-01
2.50000000e-02 -2.15020263e-01 4.30648076e-01
3.00000000e-02 4.00463386e-01 3.10654990e-02
3.00000000e-02 -3.96270234e-01 -7.44621670e-02
3.00000000e-02 1.87294601e-01 -2.06533292e-01
3.00000000e-02 -4.38417614e-02 -3.54604130e-01
3.00000000e-02 -4.50898380e-01 -2.22522798e-01
3.00000000e-02 3.74611813e-01 -3.98499717e-01
3.00000000e-02 1.12182652e-01 -3.54888082e-01
3.00000000e-02 -2.53355203e-02 -3.26131696e-01
3.00000000e-02 -4.39499662e-01 -1.82963532e-01
3.00000000e-02 -4.11378023e-02 3.43140992e-01
3.00000000e-02 -4.39140579e-01 3.52895927e-01
3.00000000e-02 -3.80443314e-01 1.69468439e-02
3.00000000e-02 7.35024487e-02 2.97674965e-01
3.00000000e-02 -3.22346148e-01 5.36357698e-02
3.00000000e-02 1.49727937e-01 -3.74751417e-01
3.00000000e-02 -4.34533527e-02 3.47876962e-01
3.00000000e-02 8.80910010e-02 -1.10907402e-01
3.00000000e-02 4.13270866e-01 -7.15498783e-04
3.00000000e-02 1.70173910e-01 -1.49180386e-01
3.00000000e-02 -3.71362993e-01 -1.55041916e-01
3.00000000e-02 -3.77202913e-01 2.97166609e-02
3.00000000e-02 6.02722480e-02 3.06810123e-01
3.00000000e-02 4.81091661e-01 1.59080157e-01
3.00000000e-02 2.01674067e-01 6.71168077e-02
3.00000000e-02 9.10656606e-02 -6.61184774e-02
3.00000000e-02 2.41526135e-01 -2.47775309e-01
3.00000000e-02 2.29878348e-01 -1.96998747e-01
3.00000000e-02 4.38361628e-01 1.08601452e-01
3.00000000e-02 -4.27261342e-01 -2.06392447e-01
3.00000000e-02 4.12565053e-01 2.30088566e-02
3.00000000e-02 1.56204743e-01 -1.66361208e-01
3.00000000e-02 -5.36156710e-01 -9.58926528e-02
3.00000000e-02 -5.01728118e-01 4.07622529e-02
3.00000000e-02 8.13783100e-02 -3.48732764e-01
3.00000000e-02 -4.55423812e-01 -1.68711656e-01
3.00000000e-02 -3.02118389e-01 -1.79070672e-01
3.00000000e-02 9.64451238e-02 -7.90617927e-02
3.00000000e-02 -3.55606569e-01 7.60426073e-02
3.00000000e-02 3.78953860e-01 -2.12720063e-02
3.00000000e-02 -4.29980337e-01 -1.98041521e-02
3.00000000e-02 1.17143804e-01 -1.15580039e-01
3.00000000e-02 -4.21143801e-01 -2.88046162e-02
3.00000000e-02 -5.30115308e-02 3.40952563e-01
3.00000000e-02 1.81865495e-01 -1.85617179e-01
3.00000000e-02 3.57331699e-01 -1.05795314e-02
3.00000000e-02 3.91447516e-01 -3.47788654e-02
3.00000000e-02 -1.15439677e-01 -2.02787629e-02
3.00000000e-02 2.30890519e-01 -2.32662936e-01
3.00000000e-02 -2.78489573e-01 -1.54512225e-01
3.00000000e-02 -2.03866592e-01 4.01969613e-01
3.50000000e-02 3.72322835e-01 1.79800509e-02
3.50000000e-02 -3.81176843e-01 -7.42122037e-02
3.50000000e-02 1.66837038e-01 -1.55878836e-01
3.50000000e-02 -3.43139353e-02 -3.26937298e-01
3.50000000e-02 -4.32293100e-01 -2.93033622e-01
3.50000000e-02 3.49978952e-01 -3.60403552e-01
3.50000000e-02 1.09874088e-01 -3.05421818e-01
3.50000000e-02 -9.52634086e-04 -2.86741487e-01
3.50000000e-02 -4.12833999e-01 -1.91324930e-01
3.50000000e-02 -4.40557889e-02 3.35177183e-01
3.50000000e-02 -4.21765555e-01 3.20113136e-01
3.50000000e-02 -3.35188868e-01 8.04458688e-02
3.50000000e-02 5.67946204e-02 2.85312839e-01
3.50000000e-02 -3.46694337e-01 -3.23081471e-02
3.50000000e-02 1.57744679e-01 -3.25863363e-01
3.50000000e-02 -2.03665072e-02 3.15633949e-01
3.50000000e-02 1.11092393e-01 -1.51314639e-01
3.50000000e-02 4.57366150e-01 4.41982120e-02
3.50000000e-02 1.83286614e-01 -1.37512536e-01
3.50000000e-02 -3.61453020e-01 -1.42080888e-01
3.50000000e-02 -3.33957418e-01 8.38757015e-02
3.50000000e-02 4.52818647e-02 2.63609567e-01
3.50000000e-02 4.46728388e-01 1.77671014e-01
3.50000000e-02 2.25628420e-01 2.85198265e-02
3.50000000e-02 1.12455574e-01 -7.39967820e-02
3.50000000e-02 2.22916838e-01 -2.12021472e-01
3.50000000e-02 2.24215159e-01 -1.27753265e-01
3.50000000e-02 3.62385888e-01 4.87739993e-02
3.50000000e-02 -3.89118348e-01 -2.56249958e-01
3.50000000e-02 3.21507951e-01 7.10753024e-02
3.50000000e-02 1.79759682e-01 -1.45191218e-01
3.50000000e-02 -5.47066776e-01 -1.22776849e-01
3.50000000e-02 -4.60960977e-01 3.12886160e-02
3.50000000e-02 7.88716853e-02 -2.98616353e-01
3.50000000e-02 -3.88447131e-01 -2.05988338e-01
3.50000000e-02 -3.46166078e-01 -1.24312506e-01
3.50000000e-02 1.19475278e-01 -8.01529379e-02
3.50000000e-02 -3.85566075e-01 4.23830479e-03
3.50000000e-02 3.67105100e-01 9.01368605e-02
3.50000000e-02 -3.64456187e-01 -1.08411800e-01
3.50000000e-02 1.43224295e-01 -1.24126584e-01
3.50000000e-02 -3.46943575e-01 -1.09367203e-01
3.50000000e-02 -5.43343292e-02 2.90293599e-01
3.50000000e-02 1.55324831e-01 -1.44766963e-01
3.50000000e-02 4.09840492e-01 6.67374577e-02
3.50000000e-02 4.01281307e-01 6.96658646e-02
3.50000000e-02 -1.24349886e-01 -3.49140253e-02
3.50000000e-02 2.11501084e-01 -2.02545262e-01
3.50000000e-02 -3.15303360e-01 -8.64506687e-02
3.50000000e-02 -1.90031343e-01 3.67474105e-01
4.00000000e-02 3.38763610e-01 1.20917359e-02
4.00000000e-02 -3.57702536e-01 -7.87992648e-02
4.00000000e-02 1.50834535e-01 -9.35247587e-02
4.00000000e-02 -1.92143823e-02 -2.88972609e-01
4.00000000e-02 -4.04176103e-01 -3.43452607e-01
4.00000000e-02 3.20166973e-01 -3.14022288e-01
4.00000000e-02 1.07460570e-01 -2.44557692e-01
4.00000000e-02 2.78837849e-02 -2.42793170e-01
4.00000000e-02 -3.67908798e-01 -1.68219337e-01
4.00000000e-02 -4.33183682e-02 3.15082372e-01
4.00000000e-02 -4.01022329e-01 2.80912319e-01
4.00000000e-02 -2.93494269e-01 1.20013413e-01
4.00000000e-02 3.43380378e-02 2.65656903e-01
4.00000000e-02 -3.96649279e-01 -1.43797712e-01
4.00000000e-02 1.60207745e-01 -2.62418787e-01
4.00000000e-02 1.02470454e-03 2.75681067e-01
4.00000000e-02 1.52179006e-01 -1.81272151e-01
4.00000000e-02 4.44082702e-01 8.53616191e-02
4.00000000e-02 1.90252953e-01 -1.25075471e-01
4.00000000e-02 -3.63168790e-01 -6.93105769e-02
4.00000000e-02 -2.94534350e-01 1.13684339e-01
4.00000000e-02 2.84926335e-02 2.19708999e-01
4.00000000e-02 3.99655900e-01 1.74639177e-01
4.00000000e-02 2.69359336e-01 -1.61213702e-02
4.00000000e-02 1.48001656e-01 -9.40193532e-02
4.00000000e-02 1.93168930e-01 -1.56678787e-01
4.00000000e-02 2.06716824e-01 -5.79631146e-02
4.00000000e-02 3.06686280e-01 -4.87667999e-02
4.00000000e-02 -3.49653900e-01 -2.80834317e-01
4.00000000e-02 2.70717040e-01 7.38899338e-02
4.00000000e-02 1.99348409e-01 -1.18356380e-01
4.00000000e-02 -5.34530491e-01 -1.44993138e-01
4.00000000e-02 -3.96113637e-01 -3.54818576e-03
4.00000000e-02 8.17963546e-02 -2.39384821e-01
4.00000000e-02 -3.16824943e-01 -2.12538317e-01
4.00000000e-02 -4.04956890e-01 -3.21394083e-02
4.00000000e-02 1.54426997e-01 -9.24279017e-02
4.00000000e-02 -3.92435337e-01 -1.15049998e-01
4.00000000e-02 3.71712651e-01 1.54310246e-01
4.00000000e-02 -3.06784462e-01 -1.63179018e-01
4.00000000e-02 1.78824412e-01 -1.33708241e-01
4.00000000e-02 -3.13600373e-01 -1.61409063e-01
4.00000000e-02 -4.90469377e-02 2.39322557e-01
4.00000000e-02 1.38955213e-01 -9.79593980e-02
4.00000000e-02 4.34080675e-01 1.09194974e-01
4.00000000e-02 3.73518554e-01 1.46710543e-01
4.00000000e-02 -1.38377719e-01 -5.17200304e-02
4.00000000e-02 1.84590400e-01 -1.53932337e-01
4.00000000e-02 -4.03098449e-01 -3.06363698e-02
4.00000000e-02 -1.73162249e-01 3.26482435e-01
4.50000000e-02 2.95135134e-01 4.45555480e-03
4.50000000e-02 -3.34970366e-01 -8.66309276e-02
4.50000000e-02 1.51548526e-01 -3.78654800e-02
4.50000000e-02 1.64796598e-03 -2.39958765e-01
4.50000000e-02 -3.69875469e-01 -3.79201412e-01
4.50000000e-02 2.83973233e-01 -2.56584552e-01
4.50000000e-02 1.08072239e-01 -1.68932132e-01
4.50000000e-02 6.55280109e-02 -1.91180453e-01
4.50000000e-02 -3.14833824e-01 -9.62856247e-02
4.50000000e-02 -3.84906222e-02 2.82196971e-01
4.50000000e-02 -3.76078875e-01 2.34086998e-01
4.50000000e-02 -2.53215442e-01 1.43719549e-01
4.50000000e-02 5.89095693e-03 2.36835399e-01
4.50000000e-02 -4.19560708e-01 -2.14966131e-01
4.50000000e-02 1.58390024e-01 -1.78622579e-01
4.50000000e-02 2.20733703e-02 2.26211485e-01
4.50000000e-02 2.01059980e-01 -1.89664037e-01
4.50000000e-02 3.99179452e-01 1.17024142e-01
4.50000000e-02 1.90575019e-01 -1.03188255e-01
4.50000000e-02 -3.57116529e-01 -7.54230979e-03
4.50000000e-02 -2.56468881e-01 1.29322892e-01
4.50000000e-02 9.45466809e-03 1.76713722e-01
4.50000000e-02 3.40612179e-01 1.48033067e-01
4.50000000e-02 3.39780765e-01 -3.97506099e-02
4.50000000e-02 2.01038458e-01 -1.19418752e-01
4.50000000e-02 1.58815907e-01 -7.94535203e-02
4.50000000e-02 1.94938469e-01 4.58215497e-03
4.50000000e-02 2.69249666e-01 -1.04063263e-01
4.50000000e-02 -3.08701854e-01 -2.84241823e-01
4.50000000e-02 2.49826635e-01 4.11725569e-02
4.50000000e-02 2.07362747e-01 -8.56216582e-02
4.50000000e-02 -5.00678642e-01 -1.61156793e-01
4.50000000e-02 -3.11596681e-01 -9.06446289e-02
4.50000000e-02 9.27244532e-02 -1.69241850e-01
4.50000000e-02 -2.54480404e-01 -1.87223055e-01
4.50000000e-02 -4.22312773e-01 3.12709520e-02
4.50000000e-02 2.02801397e-01 -1.12157916e-01
4.50000000e-02 -3.48637148e-01 -2.15906672e-01
4.50000000e-02 3.71895296e-01 1.89873701e-01
4.50000000e-02 -2.75865944e-01 -1.81541334e-01
4.50000000e-02 2.14607320e-01 -1.27813713e-01
4.50000000e-02 -3.05039759e-01 -1.75056138e-01
4.50000000e-02 -3.68428446e-02 1.86724813e-01
4.50000000e-02 1.46455292e-01 -5.47426662e-02
4.50000000e-02 4.31187542e-01 1.32944458e-01
4.50000000e-02 3.39194524e-01 1.96485068e-01
4.50000000e-02 -1.59994648e-01 -7.04487047e-02
4.50000000e-02 1.58508707e-01 -8.39934162e-02
4.50000000e-02 -4.68576940e-01 -2.08916837e-02
4.50000000e-02 -1.52833774e-01 2.77968025e-01
5.00000000e-02 2.38949648e-01 -9.12405871e-03
5.00000000e-02 -3.05181443e-01 -9.69067872e-02
5.00000000e-02 1.79692613e-01 3.01145515e-03
5.00000000e-02 2.84636342e-02 -1.78996315e-01
5.00000000e-02 -3.31270955e-01 -4.02171452e-01
5.00000000e-02 2.38906762e-01 -1.80276075e-01
5.00000000e-02 1.20151005e-01 -7.93199397e-02
5.00000000e-02 1.16754279e-01 -1.24491558e-01
5.00000000e-02 -2.94680133e-01 -1.64178546e-02
5.00000000e-02 -2.98686588e-02 2.35031142e-01
5.00000000e-02 -3.45649530e-01 1.77909598e-01
5.00000000e-02 -2.12670242e-01 1.54098541e-01
5.00000000e-02 -2.33737860e-02 1.95919767e-01
5.00000000e-02 -4.21687294e-01 -2.64705279e-01
5.00000000e-02 1.62501749e-01 -6.94454381e-02
5.00000000e-02 3.85333517e-02 1.66614173e-01
5.00000000e-02 2.45740475e-01 -1.68264241e-01
5.00000000e-02 3.34117792e-01 1.37572375e-01
5.00000000e-02 1.98776085e-01 -6.42713832e-02
5.00000000e-02 -3.33809252e-01 2.89443230e-03
5.00000000e-02 -2.17629051e-01 1.35493933e-01
5.00000000e-02 -1.04438781e-02 1.33810121e-01
5.00000000e-02 2.74631872e-01 1.00487848e-01
5.00000000e-02 3.73955604e-01 -2.45514659e-02
5.00000000e-02 2.55899644e-01 -1.21690483e-01
5.00000000e-02 1.48214402e-01 2.85549940e-03
5.00000000e-02 2.13171483e-01 4.57695974e-02
5.00000000e-02 2.18131778e-01 -1.24856626e-01
5.00000000e-02 -2.68520217e-01 -2.65862158e-01
5.00000000e-02 2.63400317e-01 -3.30386036e-02
5.00000000e-02 2.16866118e-01 -4.15731259e-02
5.00000000e-02 -4.45436795e-01 -1.70461158e-01
5.00000000e-02 -2.60064183e-01 -1.85868238e-01
5.00000000e-02 1.18110007e-01 -8.75545417e-02
5.00000000e-02 -2.14871652e-01 -1.36654661e-01
5.00000000e-02 -4.19637628e-01 7.14074190e-02
5.00000000e-02 2.51872167e-01 -1.12896448e-01
5.00000000e-02 -2.92216003e-01 -2.84906155e-01
5.00000000e-02 3.60748918e-01 2.04948678e-01
5.00000000e-02 -2.64362263e-01 -1.68742425e-01
5.00000000e-02 2.41798313e-01 -9.20161989e-02
5.00000000e-02 -3.03329927e-01 -1.47360405e-01
5.00000000e-02 -1.66327601e-02 1.31705497e-01
5.00000000e-02 1.83294544e-01 -1.77919440e-02
5.00000000e-02 4.05629229e-01 1.45328003e-01
5.00000000e-02 3.03691111e-01 2.24141580e-01
5.00000000e-02 -1.95771312e-01 -9.14502760e-02
5.00000000e-02 1.56968241e-01 -6.08231831e-03
5.00000000e-02 -5.05647344e-01 -2.20664983e-02
5.00000000e-02 -1.28472598e-01 2.20280855e-01
5.50000000e-02 1.69506877e-01 -2.90258984e-02
5.50000000e-02 -2.66899755e-01 -1.09888345e-01
5.50000000e-02 2.39482463e-01 4.14206032e-03
5.50000000e-02 6.34774296e-02 -1.04284934e-01
5.50000000e-02 -2.89222081e-01 -4.12806652e-01
5.50000000e-02 1.87096469e-01 -6.40540282e-02
5.50000000e-02 1.71283549e-01 2.06513421e-02
5.50000000e-02 1.92003072e-01 -2.44984954e-02
5.50000000e-02 -2.83637430e-01 1.45614543e-02
5.50000000e-02 -1.88734341e-02 1.70163644e-01
5.50000000e-02 -3.08325145e-01 1.09900308e-01
5.50000000e-02 -1.69420470e-01 1.51426432e-01
5.50000000e-02 -4.89197731e-02 1.42295300e-01
5.50000000e-02 -4.10127726e-01 -3.00213443e-01
5.50000000e-02 2.03572945e-01 5.21705509e-02
5.50000000e-02 5.16962491e-02 9.40632270e-02
5.50000000e-02 2.78237505e-01 -1.08364054e-01
5.50000000e-02 2.54371976e-01 1.41836409e-01
5.50000000e-02 2.18722329e-01 1.44310161e-02
5.50000000e-02 -2.92979321e-01 -2.34365173e-02
5.50000000e-02 -1.75489595e-01 1.33719381e-01
5.50000000e-02 -2.57448927e-02 8.74768281e-02
5.50000000e-02 1.92588709e-01 1.31298561e-02
5.50000000e-02 3.69749422e-01 -4.67699396e-03
5.50000000e-02 2.87201356e-01 -8.54695951e-02
5.50000000e-02 1.83340569e-01 5.86456286e-02
5.50000000e-02 2.40343313e-01 2.39087969e-02
5.50000000e-02 1.67363150e-01 -1.01275938e-01
5.50000000e-02 -2.31635317e-01 -2.23736347e-01
5.50000000e-02 2.34066205e-01 -8.39782885e-02
5.50000000e-02 2.22987049e-01 2.52330285e-02
5.50000000e-02 -3.66201294e-01 -1.70367947e-01
5.50000000e-02 -2.26943827e-01 -2.43910815e-01
5.50000000e-02 1.81169984e-01 9.78623281e-03
5.50000000e-02 -2.13630030e-01 -7.31215080e-02
5.50000000e-02 -4.03221416e-01 9.84278748e-02
5.50000000e-02 2.78284100e-01 -7.55326506e-02
5.50000000e-02 -2.31568666e-01 -3.31609940e-01
5.50000000e-02 3.37659544e-01 2.03701104e-01
5.50000000e-02 -2.72858358e-01 -1.08146613e-01
5.50000000e-02 2.42583141e-01 -1.36317770e-02
5.50000000e-02 -2.83691898e-01 -6.93960142e-02
5.50000000e-02 1.04948271e-02 7.37065384e-02
5.50000000e-02 2.47850243e-01 5.29272289e-03
5.50000000e-02 3.60950477e-01 1.48907183e-01
5.50000000e-02 2.65602827e-01 2.33027384e-01
5.50000000e-02 -2.68076043e-01 -1.15347570e-01
5.50000000e-02 2.01229955e-01 4.76064013e-02
5.50000000e-02 -5.25502339e-01 -2.74924351e-02
5.50000000e-02 -9.92883884e-02 1.50888812e-01
6.00000000e-02 1.10823956e-01 -3.76719836e-02
6.00000000e-02 -2.24637751e-01 -1.17478319e-01
6.00000000e-02 2.50968047e-01 -2.00925798e-02
6.00000000e-02 1.29216115e-01 -7.26505348e-03
6.00000000e-02 -2.43609096e-01 -4.10851805e-01
6.00000000e-02 1.19726791e-01 8.47465813e-02
6.00000000e-02 2.53338722e-01 7.98116758e-02
6.00000000e-02 2.55661882e-01 9.49147022e-02
6.00000000e-02 -2.63765445e-01 1.24287824e-02
6.00000000e-02 -6.81851098e-03 8.45532009e-02
6.00000000e-02 -2.62011540e-01 2.49567571e-02
6.00000000e-02 -1.19686022e-01 1.32906425e-01
6.00000000e-02 -6.85593218e-02 7.51826375e-02
6.00000000e-02 -3.87219699e-01 -3.24480670e-01
6.00000000e-02 2.47656621e-01 1.18292980e-01
6.00000000e-02 7.44413050e-02 1.10923474e-03
6.00000000e-02 2.79608094e-01 -1.21540305e-02
6.00000000e-02 1.64627992e-01 1.17839055e-01
6.00000000e-02 2.02215414e-01 7.37861783e-02
6.00000000e-02 -2.30323055e-01 -9.43238738e-02
6.00000000e-02 -1.25781602e-01 1.21825379e-01
6.00000000e-02 -3.07142284e-02 3.53519423e-02
6.00000000e-02 9.06677265e-02 -1.04669476e-01
6.00000000e-02 3.33554857e-01 1.41465668e-02
6.00000000e-02 2.77185892e-01 -2.12898302e-02
6.00000000e-02 2.32721138e-01 5.39476511e-02
6.00000000e-02 2.19028819e-01 -3.26261450e-02
6.00000000e-02 1.20086681e-01 -8.67079562e-03
6.00000000e-02 -2.02826735e-01 -1.46840981e-01
6.00000000e-02 1.60978329e-01 -8.53990177e-02
6.00000000e-02 1.86729889e-01 5.39288101e-02
6.00000000e-02 -2.51181835e-01 -1.48265762e-01
6.00000000e-02 -1.99203970e-01 -2.73848764e-01
6.00000000e-02 2.62494985e-01 7.77684251e-02
6.00000000e-02 -2.54229277e-01 -3.90014345e-02
6.00000000e-02 -3.74059887e-01 1.14831470e-01
6.00000000e-02 2.62730430e-01 -1.16088386e-02
6.00000000e-02 -1.71122650e-01 -3.60588350e-01
6.00000000e-02 3.01739570e-01 1.86104623e-01
6.00000000e-02 -2.63983238e-01 -4.10704376e-02
6.00000000e-02 1.86803780e-01 7.40958750e-02
6.00000000e-02 -2.29104191e-01 -3.25602762e-02
6.00000000e-02 5.00683790e-02 7.98475771e-03
6.00000000e-02 2.55896466e-01 8.02826422e-03
6.00000000e-02 2.97450216e-01 1.42230357e-01
6.00000000e-02 2.23543816e-01 2.22528576e-01
6.00000000e-02 -3.34494092e-01 -1.24341516e-01
6.00000000e-02 2.42345127e-01 4.26343299e-02
6.00000000e-02 -5.32319294e-01 -3.51558340e-02
6.00000000e-02 -6.31499409e-02 6.82201383e-02
6.50000000e-02 5.69405442e-02 -3.52996890e-02
6.50000000e-02 -1.77935747e-01 -1.15696844e-01
6.50000000e-02 2.29769150e-01 -2.54399572e-02
6.50000000e-02 2.00489434e-01 7.34597362e-02
6.50000000e-02 -1.93736440e-01 -3.95547873e-01
6.50000000e-02 5.73437606e-02 1.94280284e-01
6.50000000e-02 3.10888749e-01 1.14596460e-01
6.50000000e-02 2.91388370e-01 1.89050166e-01
6.50000000e-02 -2.25522452e-01 -2.28049348e-02
6.50000000e-02 1.44422475e-02 -2.62021997e-02
6.50000000e-02 -1.99171389e-01 -9.14674158e-02
6.50000000e-02 -6.13297527e-02 9.28823888e-02
6.50000000e-02 -7.67604123e-02 -7.80282681e-03
6.50000000e-02 -3.54263007e-01 -3.38978699e-01
6.50000000e-02 2.75635947e-01 1.47604985e-01
6.50000000e-02 1.18691314e-01 -1.05838145e-01
6.50000000e-02 2.43305958e-01 9.60741783e-02
6.50000000e-02 7.67758692e-02 5.60760811e-02
6.50000000e-02 1.76555572e-01 1.03859640e-01
6.50000000e-02 -1.57478185e-01 -1.81828963e-01
6.50000000e-02 -6.51161244e-02 9.23728364e-02
6.50000000e-02 -2.05964762e-02 -2.35747734e-02
6.50000000e-02 -2.97982399e-03 -1.64146274e-01
6.50000000e-02 2.58093075e-01 3.52559678e-02
6.50000000e-02 2.30296522e-01 6.12480254e-02
6.50000000e-02 2.65503525e-01 2.87620173e-02
6.50000000e-02 1.64106451e-01 -7.07221986e-02
6.50000000e-02 6.03978087e-02 6.43799004e-02
6.50000000e-02 -2.00040817e-01 -4.24474292e-02
6.50000000e-02 4.52968945e-02 -2.83382045e-02
6.50000000e-02 1.42301691e-01 5.90721178e-02
6.50000000e-02 -1.14076632e-01 -8.09619416e-02
6.50000000e-02 -1.71062253e-01 -2.79399138e-01
6.50000000e-02 3.10882025e-01 1.25404350e-01
6.50000000e-02 -2.76565740e-01 -4.39258425e-02
6.50000000e-02 -3.33143288e-01 1.20489868e-01
6.50000000e-02 2.17146425e-01 6.48736112e-02
6.50000000e-02 -1.12411038e-01 -3.74195210e-01
6.50000000e-02 2.49278257e-01 1.44265587e-01
6.50000000e-02 -2.18902358e-01 -1.38276745e-02
6.50000000e-02 1.23047383e-01 1.35126682e-01
6.50000000e-02 -1.70348957e-01 -4.47132048e-02
6.50000000e-02 1.18836532e-01 -7.70299101e-02
6.50000000e-02 2.30154554e-01 1.55170026e-02
6.50000000e-02 2.13793676e-01 1.15367731e-01
6.50000000e-02 1.78404639e-01 1.87663491e-01
6.50000000e-02 -3.52518325e-01 -1.25035900e-01
6.50000000e-02 2.57051590e-01 2.54459776e-02
6.50000000e-02 -5.28066534e-01 -4.42061140e-02
6.50000000e-02 -1.39820917e-02 -2.81379917e-02
7.00000000e-02 -5.10791383e-03 -2.99922957e-02
7.00000000e-02 -1.18164691e-01 -1.01009807e-01
7.00000000e-02 1.83819202e-01 -8.56956578e-03
7.00000000e-02 2.56327860e-01 1.41944257e-01
7.00000000e-02 -1.38835617e-01 -3.65124834e-01
7.00000000e-02 4.23078140e-04 2.77814643e-01
7.00000000e-02 3.38539555e-01 1.42419318e-01
7.00000000e-02 3.09808003e-01 2.58188337e-01
7.00000000e-02 -1.50027872e-01 -9.46629041e-02
7.00000000e-02 5.99054571e-02 -1.25895305e-01
7.00000000e-02 -9.63932128e-02 -2.09353388e-01
7.00000000e-02 1.01338402e-02 2.03199591e-02
7.00000000e-02 -7.16678959e-02 -1.07999707e-01
7.00000000e-02 -3.11742067e-01 -3.43995376e-01
7.00000000e-02 2.86440246e-01 1.55218438e-01
7.00000000e-02 1.33800388e-01 -1.68702619e-01
7.00000000e-02 1.84124657e-01 1.86528166e-01
7.00000000e-02 -1.66351248e-02 -5.39380146e-02
7.00000000e-02 1.49571496e-01 1.10368050e-01
7.00000000e-02 -9.25441378e-02 -2.05333816e-01
7.00000000e-02 9.89427596e-03 3.13325847e-02
7.00000000e-02 2.54237836e-02 -7.72359308e-02
7.00000000e-02 -1.01104439e-01 -1.84844684e-01
7.00000000e-02 1.50254698e-01 6.26539300e-02
7.00000000e-02 1.63207897e-01 1.41612153e-01
7.00000000e-02 2.66744909e-01 8.50550118e-03
7.00000000e-02 7.11902845e-02 -8.63360595e-02
7.00000000e-02 1.89718919e-03 8.87609283e-02
7.00000000e-02 -1.77872354e-01 1.68064040e-02
7.00000000e-02 -6.04006091e-02 2.37233240e-02
7.00000000e-02 8.69062727e-02 4.59806090e-02
7.00000000e-02 1.65710115e-03 -1.76183567e-02
7.00000000e-02 -1.37795225e-01 -2.59107160e-01
7.00000000e-02 3.29503612e-01 1.61742510e-01
7.00000000e-02 -2.57365206e-01 -6.43915922e-02
7.00000000e-02 -2.80257579e-01 1.15057033e-01
7.00000000e-02 1.59564256e-01 1.36148767e-01
7.00000000e-02 -5.61945328e-02 -3.71773483e-01
7.00000000e-02 1.79983020e-01 7.70469145e-02
7.00000000e-02 -1.45406298e-01 -2.60680380e-02
7.00000000e-02 6.13084756e-02 1.66014673e-01
7.00000000e-02 -1.10657444e-01 -1.10139631e-01
7.00000000e-02 1.53990185e-01 -1.37409493e-01
7.00000000e-02 1.85308341e-01 3.68263679e-02
7.00000000e-02 1.23795403e-01 6.75577090e-02
7.00000000e-02 1.32147499e-01 1.22750672e-01
7.00000000e-02 -3.43958909e-01 -1.20857179e-01
7.00000000e-02 2.42843235e-01 1.58676713e-02
7.00000000e-02 -5.13721935e-01 -5.42132978e-02
7.00000000e-02 6.22733073e-02 -1.10369060e-01
7.50000000e-02 -8.05622734e-02 -4.51822872e-02
7.50000000e-02 -3.20025111e-02 -6.53896897e-02
7.50000000e-02 1.11351951e-01 2.00730195e-02
7.50000000e-02 2.96314799e-01 1.99859947e-01
7.50000000e-02 -7.80908815e-02 -3.15488543e-01
7.50000000e-02 -5.32696213e-02 3.43227593e-01
7.50000000e-02 3.43392240e-01 1.68266760e-01
7.50000000e-02 3.18134753e-01 3.11836320e-01
7.50000000e-02 -6.81318685e-03 -1.49625612e-01
7.50000000e-02 7.77812302e-02 -1.77950173e-01
7.50000000e-02 1.16737434e-02 -2.72901154e-01
7.50000000e-02 5.56269007e-02 -9.79968382e-02
7.50000000e-02 -8.18111313e-02 -1.65533395e-01
7.50000000e-02 -2.59486655e-01 -3.38936797e-01
7.50000000e-02 2.82740664e-01 1.52345039e-01
7.50000000e-02 1.25740809e-01 -2.03969238e-01
7.50000000e-02 1.13098387e-01 2.49141949e-01
7.50000000e-02 -1.15136089e-01 -1.45324103e-01
7.50000000e-02 1.12337335e-01 9.71388888e-02
7.50000000e-02 -3.03175113e-02 -1.73227867e-01
7.50000000e-02 6.49193667e-02 -7.88698401e-02
7.50000000e-02 4.19907878e-02 -8.36491212e-02
7.50000000e-02 -1.90316288e-01 -1.56776559e-01
7.50000000e-02 2.52429532e-02 8.17978326e-02
7.50000000e-02 8.37394535e-02 1.99967338e-01
7.50000000e-02 2.38930234e-01 -5.23671411e-03
7.50000000e-02 -7.61670413e-02 -7.18186351e-02
7.50000000e-02 -5.48282559e-02 6.33725648e-02
7.50000000e-02 -1.19233353e-01 4.00616556e-02
7.50000000e-02 -1.22509111e-01 1.32681687e-02
7.50000000e-02 1.06747025e-02 9.84632252e-03
7.50000000e-02 1.03634452e-01 2.02820978e-02
7.50000000e-02 -9.14162402e-02 -2.04182597e-01
7.50000000e-02 3.27929414e-01 1.87976430e-01
7.50000000e-02 -1.99749901e-01 -8.92093069e-02
7.50000000e-02 -2.12037066e-01 9.66445213e-02
7.50000000e-02 9.08814878e-02 1.86535831e-01
7.50000000e-02 -3.37672586e-03 -3.50371079e-01
7.50000000e-02 8.42556949e-02 6.20224535e-04
7.50000000e-02 -2.20656338e-02 -8.23934288e-02
7.50000000e-02 2.81186986e-03 1.67928639e-01
7.50000000e-02 -4.55481300e-02 -1.45774398e-01
7.50000000e-02 1.58928540e-01 -1.79754652e-01
7.50000000e-02 1.14577800e-01 5.94579777e-02
7.50000000e-02 2.13567553e-02 5.46415063e-03
7.50000000e-02 8.07334860e-02 3.05227760e-02
7.50000000e-02 -3.14173885e-01 -1.12816951e-01
7.50000000e-02 2.02118299e-01 1.10429663e-02
7.50000000e-02 -4.89662162e-01 -6.47658763e-02
7.50000000e-02 1.09995139e-01 -1.50877468e-01
8.00000000e-02 -1.19920300e-01 -8.91788025e-02
8.00000000e-02 3.57436738e-02 -9.60177372e-03
8.00000000e-02 2.15156922e-03 3.17708624e-02
8.00000000e-02 3.29844305e-01 2.45207696e-01
8.00000000e-02 -1.12544982e-02 -2.40192936e-01
8.00000000e-02 -1.04072638e-01 3.95298579e-01
8.00000000e-02 3.29875371e-01 1.93226889e-01
8.00000000e-02 3.19681620e-01 3.54540197e-01
8.00000000e-02 1.22708754e-01 -1.36409026e-01
8.00000000e-02 7.17485248e-02 -1.95620688e-01
8.00000000e-02 1.11353136e-01 -3.04341998e-01
8.00000000e-02 4.87084518e-02 -1.94660815e-01
8.00000000e-02 -7.53916283e-02 -1.51939958e-01
8.00000000e-02 -1.97380309e-01 -3.21548433e-01
8.00000000e-02 2.70783833e-01 1.47246201e-01
8.00000000e-02 9.42451535e-02 -2.11327165e-01
8.00000000e-02 3.45981131e-02 2.89548330e-01
8.00000000e-02 -1.80664342e-01 -1.75016759e-01
8.00000000e-02 5.24454109e-02 5.43795214e-02
8.00000000e-02 2.29587466e-02 -7.69453709e-02
8.00000000e-02 6.41909124e-02 -1.80849954e-01
8.00000000e-02 -5.97170200e-03 -5.53683811e-02
8.00000000e-02 -2.39853692e-01 -1.00607942e-01
8.00000000e-02 -1.05774559e-01 5.95655559e-02
8.00000000e-02 -1.47222242e-04 2.35511764e-01
8.00000000e-02 1.83130937e-01 -1.71245605e-02
8.00000000e-02 -1.99005633e-01 -2.37383371e-02
8.00000000e-02 -1.00773533e-01 -2.32861181e-02
8.00000000e-02 -2.24646378e-02 8.25048541e-03
8.00000000e-02 -1.25305730e-01 -6.32435839e-02
8.00000000e-02 -8.48580473e-02 -7.94810515e-02
8.00000000e-02 1.66439964e-01 4.21488334e-02
8.00000000e-02 -3.12391565e-02 -9.83170925e-02
8.00000000e-02 3.12542709e-01 2.05903881e-01
8.00000000e-02 -8.83019494e-02 -9.71442656e-02
8.00000000e-02 -1.20344773e-01 5.61788264e-02
8.00000000e-02 1.36944762e-02 2.17236710e-01
8.00000000e-02 4.61611068e-02 -3.05320512e-01
8.00000000e-02 -5.40581333e-02 -8.20648480e-02
8.00000000e-02 8.26712190e-02 -1.02094807e-01
8.00000000e-02 -5.19270372e-02 1.40608982e-01
8.00000000e-02 2.29057725e-02 -1.00538240e-01
8.00000000e-02 1.32609248e-01 -2.05323271e-01
8.00000000e-02 1.48106755e-02 5.60849066e-02
8.00000000e-02 -1.05046024e-01 -9.72489410e-02
8.00000000e-02 -8.51285727e-03 -8.35256977e-02
8.00000000e-02 -2.60137705e-01 -1.00733876e-01
8.00000000e-02 1.33489479e-01 3.05546519e-03
8.00000000e-02 -4.55305069e-01 -7.54282840e-02
8.00000000e-02 1.22036312e-01 -1.72338364e-01
8.50000000e-02 -1.26616265e-01 -1.24733152e-01
8.50000000e-02 7.77621610e-02 2.86227681e-02
8.50000000e-02 -9.89273395e-02 -1.07635922e-02
8.50000000e-02 3.53970000e-01 2.78334893e-01
8.50000000e-02 5.76687688e-02 -1.34412701e-01
8.50000000e-02 -1.51702027e-01 4.36967678e-01
8.50000000e-02 3.02067290e-01 2.16190777e-01
8.50000000e-02 3.16184872e-01 3.87867907e-01
8.50000000e-02 2.17364695e-01 -1.03567613e-01
8.50000000e-02 5.05715936e-02 -1.84824863e-01
8.50000000e-02 1.98468992e-01 -3.12634946e-01
8.50000000e-02 3.20817356e-02 -2.55932904e-01
8.50000000e-02 -8.57346893e-02 -8.02892493e-02
8.50000000e-02 -1.25772134e-01 -2.85238348e-01
8.50000000e-02 2.49207386e-01 1.38212012e-01
8.50000000e-02 4.24414286e-02 -1.89246848e-01
8.50000000e-02 -4.76802697e-02 3.10298951e-01
8.50000000e-02 -2.07177036e-01 -1.61356836e-01
8.50000000e-02 -1.51581915e-02 -4.22807521e-02
8.50000000e-02 6.82171107e-02 6.57741302e-02
8.50000000e-02 4.39285390e-02 -2.55018908e-01
8.50000000e-02 -5.96178560e-02 1.96845770e-04
8.50000000e-02 -2.45472022e-01 -3.83547501e-02
8.50000000e-02 -2.17084851e-01 -4.26309759e-03
8.50000000e-02 -8.12108789e-02 2.50323123e-01
8.50000000e-02 8.41720569e-02 -2.50321900e-02
8.50000000e-02 -2.63386406e-01 -9.53576666e-04
8.50000000e-02 -1.32727337e-01 -1.67312530e-01
8.50000000e-02 1.05511386e-01 -4.73927973e-02
8.50000000e-02 -9.82389251e-02 -1.72585488e-01
8.50000000e-02 -1.82310562e-01 -1.65048203e-01
8.50000000e-02 1.93232696e-01 4.66424534e-02
8.50000000e-02 2.83763677e-02 4.46962120e-02
8.50000000e-02 2.89650930e-01 2.16919069e-01
8.50000000e-02 2.59534029e-02 -6.82811845e-02
8.50000000e-02 -1.40637622e-03 -1.88580103e-02
8.50000000e-02 -6.65745314e-02 2.30303434e-01
8.50000000e-02 9.10160901e-02 -2.31133044e-01
8.50000000e-02 -2.08452212e-01 -1.44518090e-01
8.50000000e-02 1.45567759e-01 -8.87491213e-02
8.50000000e-02 -9.66845325e-02 8.14660247e-02
8.50000000e-02 7.38633186e-02 -2.37939592e-04
8.50000000e-02 7.48792668e-02 -2.07727391e-01
8.50000000e-02 -8.09827203e-02 -4.16925664e-03
8.50000000e-02 -2.13214349e-01 -1.71305288e-01
8.50000000e-02 -1.37816238e-01 -1.66082487e-01
8.50000000e-02 -1.62649414e-01 -8.67319157e-02
8.50000000e-02 1.58040352e-02 -5.38209666e-03
8.50000000e-02 -4.08519751e-01 -8.59884633e-02
8.50000000e-02 1.00699115e-01 -1.77358713e-01
9.00000000e-02 -1.22391388e-01 -1.55983462e-01
9.00000000e-02 1.02476568e-01 4.97513977e-02
9.00000000e-02 -1.74130761e-01 -8.73060116e-02
9.00000000e-02 3.67743154e-01 3.03012388e-01
9.00000000e-02 1.15082175e-01 -6.52414247e-03
9.00000000e-02 -1.96197489e-01 4.70167215e-01
9.00000000e-02 2.62559954e-01 2.31931998e-01
9.00000000e-02 3.08571069e-01 4.12509644e-01
9.00000000e-02 2.83045421e-01 -6.01197789e-02
9.00000000e-02 1.68587432e-02 -1.56856134e-01
9.00000000e-02 2.73658067e-01 -3.06928132e-01
9.00000000e-02 1.21780542e-02 -2.85742086e-01
9.00000000e-02 -1.23904679e-01 -2.52414522e-02
9.00000000e-02 -5.09549105e-02 -2.14314052e-01
9.00000000e-02 2.11347958e-01 1.19948210e-01
9.00000000e-02 -2.02604589e-02 -1.47490636e-01
9.00000000e-02 -1.29776524e-01 3.14040293e-01
9.00000000e-02 -1.77486356e-01 -1.24489586e-01
9.00000000e-02 -7.49737180e-02 -1.45445633e-01
9.00000000e-02 1.20125082e-01 1.55331717e-01
9.00000000e-02 1.54235642e-02 -2.98461307e-01
9.00000000e-02 -9.78037601e-02 3.61299511e-02
9.00000000e-02 -2.17707314e-01 1.14096211e-02
9.00000000e-02 -3.02959288e-01 -8.98693141e-02
9.00000000e-02 -1.54312909e-01 2.48964075e-01
9.00000000e-02 -3.94545719e-02 -2.87680708e-03
9.00000000e-02 -2.98466705e-01 3.53195344e-03
9.00000000e-02 -1.55366709e-01 -2.66550233e-01
9.00000000e-02 2.10836860e-01 -6.61001828e-02
9.00000000e-02 -1.00574307e-01 -2.17724946e-01
9.00000000e-02 -2.31707303e-01 -2.02696855e-01
9.00000000e-02 1.77341501e-01 4.03692413e-02
9.00000000e-02 1.23556216e-01 1.51958483e-01
9.00000000e-02 2.59392104e-01 2.19311053e-01
9.00000000e-02 1.29440535e-01 -1.29218636e-02
9.00000000e-02 1.33946872e-01 -9.36709875e-02
9.00000000e-02 -1.43523562e-01 2.30398132e-01
9.00000000e-02 1.15800583e-01 -1.29185634e-01
9.00000000e-02 -3.10518175e-01 -1.90362343e-01
9.00000000e-02 1.75755914e-01 -5.38760747e-02
9.00000000e-02 -1.24163258e-01 -7.59474589e-03
9.00000000e-02 1.11553715e-01 1.20553920e-01
9.00000000e-02 -3.76510059e-03 -1.85805788e-01
9.00000000e-02 -1.56865865e-01 -1.00890378e-01
9.00000000e-02 -2.66221592e-01 -2.07556170e-01
9.00000000e-02 -2.59917447e-01 -1.90283539e-01
9.00000000e-02 -2.81078703e-02 -1.09365120e-01
9.00000000e-02 -9.81862267e-02 -5.59548975e-03
9.00000000e-02 -3.44890896e-01 -9.66698059e-02
9.00000000e-02 5.24464414e-02 -1.66876970e-01
9.50000000e-02 -1.10433574e-01 -1.78181073e-01
9.50000000e-02 1.25418387e-01 6.22629955e-02
9.50000000e-02 -2.09014027e-01 -1.94193812e-01
9.50000000e-02 3.72413784e-01 3.21172902e-01
9.50000000e-02 1.44733035e-01 1.45226479e-01
9.50000000e-02 -2.37886658e-01 4.96311375e-01
9.50000000e-02 2.11252274e-01 2.32914412e-01
9.50000000e-02 2.97276327e-01 4.28747728e-01
9.50000000e-02 3.24221052e-01 -1.04370864e-02
9.50000000e-02 -4.18954077e-02 -1.20341381e-01
9.50000000e-02 3.39959695e-01 -2.92601438e-01
9.50000000e-02 -1.94798787e-02 -2.90146903e-01
9.50000000e-02 -1.52242330e-01 2.97422854e-03
9.50000000e-02 -3.18674807e-04 -1.07923851e-01
9.50000000e-02 1.39779981e-01 8.06656314e-02
9.50000000e-02 -1.08923883e-01 -1.08644336e-01
9.50000000e-02 -2.09137179e-01 3.03540491e-01
9.50000000e-02 -9.51377094e-02 -1.12964890e-01
9.50000000e-02 -1.66679273e-01 -2.31064253e-01
9.50000000e-02 1.65209522e-01 1.95681533e-01
9.50000000e-02 -2.45474202e-02 -3.14025290e-01
9.50000000e-02 -1.26418460e-01 4.44012212e-02
9.50000000e-02 -1.69553935e-01 4.18269624e-02
9.50000000e-02 -3.63948881e-01 -1.81626975e-01
9.50000000e-02 -2.18716754e-01 2.35835910e-01
9.50000000e-02 -1.56884848e-01 1.11543457e-02
9.50000000e-02 -3.13033909e-01 -4.93724906e-03
9.50000000e-02 -1.63533983e-01 -3.18962611e-01
9.50000000e-02 2.87331430e-01 -6.92055342e-02
9.50000000e-02 -1.16574072e-01 -1.89822193e-01
9.50000000e-02 -2.49426097e-01 -2.16841912e-01
9.50000000e-02 1.03533322e-01 4.19535608e-02
9.50000000e-02 2.14871666e-01 2.12027550e-01
9.50000000e-02 2.16833459e-01 2.10407460e-01
9.50000000e-02 1.99626357e-01 7.78529664e-02
9.50000000e-02 2.56592186e-01 -1.45377988e-01
9.50000000e-02 -2.15029267e-01 2.22738888e-01
9.50000000e-02 1.23372676e-01 -5.02566224e-03
9.50000000e-02 -3.79532895e-01 -2.27272725e-01
9.50000000e-02 1.76102638e-01 3.42956134e-03
9.50000000e-02 -1.35900024e-01 -1.24742381e-01
9.50000000e-02 1.42242379e-01 1.86422290e-01
9.50000000e-02 -1.13410471e-01 -1.44033347e-01
9.50000000e-02 -1.93128345e-01 -2.26506413e-01
9.50000000e-02 -2.88164492e-01 -2.23691774e-01
9.50000000e-02 -3.49517824e-01 -1.99216223e-01
9.50000000e-02 8.30170103e-02 -1.49474059e-01
9.50000000e-02 -2.02145814e-01 -2.62320421e-02
9.50000000e-02 -2.58075212e-01 -1.11427518e-01
9.50000000e-02 -2.27837787e-02 -1.40067937e-01
1.00000000e-01 -9.89894605e-02 -1.87635683e-01
1.00000000e-01 1.46841046e-01 6.99124879e-02
1.00000000e-01 -2.01866288e-01 -2.96074678e-01
1.00000000e-01 3.68533438e-01 3.32936763e-01
1.00000000e-01 1.59021271e-01 2.58515373e-01
1.00000000e-01 -2.77117763e-01 5.16573877e-01
1.00000000e-01 1.48701246e-01 2.07049282e-01
1.00000000e-01 2.82578814e-01 4.36399759e-01
1.00000000e-01 3.44195029e-01 4.12684066e-02
1.00000000e-01 -1.28115046e-01 -1.08197181e-01
1.00000000e-01 3.98738844e-01 -2.71496517e-01
1.00000000e-01 -6.89471089e-02 -2.67494934e-01
1.00000000e-01 -1.70361514e-01 1.55416237e-02
1.00000000e-01 2.69324940e-02 -1.07061011e-03
1.00000000e-01 5.78557595e-02 1.66861542e-02
1.00000000e-01 -1.98445783e-01 -1.15334617e-01
1.00000000e-01 -2.84286207e-01 2.80440156e-01
1.00000000e-01 -2.01319882e-02 -1.49762752e-01
1.00000000e-01 -2.32806769e-01 -2.67320312e-01
1.00000000e-01 2.02561634e-01 2.05812412e-01
1.00000000e-01 -7.64381182e-02 -2.98894264e-01
1.00000000e-01 -1.51431601e-01 3.06227912e-02
1.00000000e-01 -1.07501027e-01 5.07670180e-02
1.00000000e-01 -4.04478573e-01 -2.74236563e-01
1.00000000e-01 -2.75764914e-01 2.13846413e-01
1.00000000e-01 -2.64512627e-01 8.27482348e-03
1.00000000e-01 -3.09384525e-01 -2.27650668e-02
1.00000000e-01 -1.62787116e-01 -3.36721457e-01
1.00000000e-01 3.45674235e-01 -6.29155643e-02
1.00000000e-01 -1.16678472e-01 -1.29771840e-01
1.00000000e-01 -2.38051495e-01 -2.17687446e-01
1.00000000e-01 5.06231614e-02 7.48128674e-02
1.00000000e-01 2.88220653e-01 2.49930637e-01
1.00000000e-01 1.56499496e-01 1.83414841e-01
1.00000000e-01 2.13011675e-01 1.64230500e-01
1.00000000e-01 3.66435664e-01 -1.84287064e-01
1.00000000e-01 -2.80267136e-01 2.09742592e-01
1.00000000e-01 1.34234826e-01 1.50886024e-01
1.00000000e-01 -4.26368886e-01 -2.53793642e-01
1.00000000e-01 1.32119547e-01 9.68717775e-02
1.00000000e-01 -1.09422360e-01 -2.65527368e-01
1.00000000e-01 1.75597913e-01 2.17286118e-01
1.00000000e-01 -2.23836825e-01 -1.32980014e-01
1.00000000e-01 -1.89490598e-01 -3.27471085e-01
1.00000000e-01 -2.85766742e-01 -2.26986911e-01
1.00000000e-01 -4.19830048e-01 -2.05755238e-01
1.00000000e-01 1.74716986e-01 -1.79674752e-01
1.00000000e-01 -2.85284252e-01 -6.09052154e-02
1.00000000e-01 -1.42307105e-01 -1.37216629e-01
1.00000000e-01 -1.33726257e-01 -1.22406652e-01
1.05000000e-01 -9.22855476e-02 -1.87186370e-01
1.05000000e-01 1.59452934e-01 8.06471449e-02
1.05000000e-01 -1.74631360e-01 -3.75934122e-01
1.05000000e-01 3.55649056e-01 3.37107466e-01
1.05000000e-01 1.75647095e-01 3.42753563e-01
1.05000000e-01 -3.14111962e-01 5.31898798e-01
1.05000000e-01 9.09701030e-02 1.47678202e-01
1.05000000e-01 2.64765429e-01 4.34739921e-01
1.05000000e-01 3.45126999e-01 9.35178902e-02
1.05000000e-01 -2.05396979e-01 -1.37849185e-01
1.05000000e-01 4.50482479e-01 -2.43515603e-01
1.05000000e-01 -1.32795894e-01 -1.96263438e-01
1.05000000e-01 -1.77086343e-01 1.47586580e-02
1.05000000e-01 6.53697287e-02 1.08606335e-01
1.05000000e-01 1.88920262e-03 -3.30899757e-02
1.05000000e-01 -2.59866781e-01 -1.43272769e-01
1.05000000e-01 -3.53838982e-01 2.45577032e-01
1.05000000e-01 1.17481557e-02 -1.99458882e-01
1.05000000e-01 -2.75308527e-01 -2.83960727e-01
1.05000000e-01 2.19499574e-01 1.92270544e-01
1.05000000e-01 -1.36945875e-01 -2.40832548e-01
1.05000000e-01 -1.69856447e-01 7.17095120e-04
1.05000000e-01 -4.03753642e-02 4.34724054e-02
1.05000000e-01 -4.33981323e-01 -3.57851789e-01
1.05000000e-01 -3.27572064e-01 1.85923653e-01
1.05000000e-01 -3.57584563e-01 -8.52147027e-03
1.05000000e-01 -2.87575600e-01 -4.93118753e-02
1.05000000e-01 -1.57241541e-01 -3.23823470e-01
1.05000000e-01 3.90565135e-01 -5.09084191e-02
1.05000000e-01 -9.94777730e-02 -1.23281776e-01
1.05000000e-01 -1.98856360e-01 -2.10585178e-01
1.05000000e-01 3.89471211e-02 1.00424418e-01
1.05000000e-01 3.45583974e-01 2.74952144e-01
1.05000000e-01 9.46880970e-02 1.27533821e-01
1.05000000e-01 1.95002951e-01 2.30655979e-01
1.05000000e-01 4.67709420e-01 -2.18291145e-01
1.05000000e-01 -3.38312339e-01 1.92225974e-01
1.05000000e-01 1.58031786e-01 2.70803655e-01
1.05000000e-01 -4.57491836e-01 -2.74128329e-01
1.05000000e-01 9.02676190e-02 1.66506344e-01
1.05000000e-01 -6.77065104e-02 -3.60378924e-01
1.05000000e-01 2.03589864e-01 2.18480847e-01
1.05000000e-01 -2.99131215e-01 -1.32613241e-01
1.05000000e-01 -1.72389840e-01 -3.97828893e-01
1.05000000e-01 -2.57889413e-01 -2.22852440e-01
1.05000000e-01 -4.75894118e-01 -2.15371301e-01
1.05000000e-01 2.55262249e-01 -1.99202076e-01
1.05000000e-01 -3.48571144e-01 -1.00965972e-01
1.05000000e-01 -1.13472155e-02 -1.97222548e-01
1.05000000e-01 -2.34175418e-01 -1.41224457e-01
1.10000000e-01 -9.09225389e-02 -1.81093480e-01
1.10000000e-01 1.61957664e-01 9.51257905e-02
1.10000000e-01 -1.39179894e-01 -4.36824236e-01
1.10000000e-01 3.33865516e-01 3.31542370e-01
1.10000000e-01 1.91789784e-01 4.08770617e-01
1.10000000e-01 -3.48989844e-01 5.43011873e-01
1.10000000e-01 5.67521145e-02 6.01263065e-02
1.10000000e-01 2.43418099e-01 4.22340810e-01
1.10000000e-01 3.26334581e-01 1.44796019e-01
1.10000000e-01 -2.61275720e-01 -1.82005522e-01
1.10000000e-01 4.97729061e-01 -2.09430889e-01
1.10000000e-01 -1.52808786e-01 -1.05881826e-01
1.10000000e-01 -1.73996530e-01 -2.38849242e-03
1.10000000e-01 1.30902832e-01 2.04774827e-01
1.10000000e-01 -5.47679992e-02 -8.59808178e-02
1.10000000e-01 -2.97938468e-01 -1.74400842e-01
1.10000000e-01 -4.16097280e-01 1.99609216e-01
1.10000000e-01 4.70465791e-03 -2.38894041e-01
1.10000000e-01 -3.00062645e-01 -2.84988312e-01
1.10000000e-01 2.13003037e-01 1.58283187e-01
1.10000000e-01 -1.69057080e-01 -1.42374204e-01
1.10000000e-01 -1.80414730e-01 -4.28564150e-02
1.10000000e-01 3.73604827e-02 2.84911982e-02
1.10000000e-01 -4.55647060e-01 -4.32755463e-01
1.10000000e-01 -3.76183395e-01 1.54906326e-01
1.10000000e-01 -4.36932016e-01 -3.45807620e-02
1.10000000e-01 -2.52203974e-01 -8.75478080e-02
1.10000000e-01 -1.44481808e-01 -2.85582686e-01
1.10000000e-01 4.24111943e-01 -3.52740196e-02
1.10000000e-01 -8.09648792e-02 -1.78012648e-01
1.10000000e-01 -1.24499985e-01 -1.88566031e-01
1.10000000e-01 5.87523575e-02 1.16887489e-01
1.10000000e-01 3.91104183e-01 2.93862502e-01
1.10000000e-01 5.90964935e-02 5.03164971e-02
1.10000000e-01 1.67097534e-01 2.74237153e-01
1.10000000e-01 5.60549686e-01 -2.50414788e-01
1.10000000e-01 -3.89377667e-01 1.70221685e-01
1.10000000e-01 1.84694479e-01 3.67376031e-01
1.10000000e-01 -4.78317113e-01 -2.89385077e-01
1.10000000e-01 7.03265908e-02 2.00247569e-01
1.10000000e-01 -3.38544164e-02 -4.29529413e-01
1.10000000e-01 2.18866417e-01 1.94531798e-01
1.10000000e-01 -3.51223721e-01 -1.34756409e-01
1.10000000e-01 -1.49475134e-01 -4.44569232e-01
1.10000000e-01 -2.05586352e-01 -2.06937979e-01
1.10000000e-01 -5.19879598e-01 -2.26007525e-01
1.10000000e-01 3.27580093e-01 -2.10911671e-01
1.10000000e-01 -3.91452841e-01 -1.43951194e-01
1.10000000e-01 7.70227453e-02 -2.59927210e-01
1.10000000e-01 -3.11511579e-01 -1.68382725e-01
1.15000000e-01 -9.41935595e-02 -1.68852148e-01
1.15000000e-01 1.57230610e-01 1.11166496e-01
1.15000000e-01 -1.02421677e-01 -4.84353457e-01
1.15000000e-01 3.04163225e-01 3.16565701e-01
1.15000000e-01 2.08892327e-01 4.59771378e-01
1.15000000e-01 -3.81824468e-01 5.50459592e-01
1.15000000e-01 4.59153694e-02 -2.72528143e-02
1.15000000e-01 2.15449316e-01 3.98540553e-01
1.15000000e-01 2.85574196e-01 1.91724093e-01
1.15000000e-01 -3.01403373e-01 -2.22463678e-01
1.15000000e-01 5.40890396e-01 -1.73118404e-01
1.15000000e-01 -1.46808749e-01 -4.62150717e-02
1.15000000e-01 -1.61341256e-01 -4.11822401e-02
1.15000000e-01 2.04197451e-01 2.70129905e-01
1.15000000e-01 -1.20498432e-01 -1.74114029e-01
1.15000000e-01 -3.18652405e-01 -2.02290220e-01
1.15000000e-01 -4.68563712e-01 1.44059722e-01
1.15000000e-01 -3.18848792e-02 -2.55554507e-01
1.15000000e-01 -3.11703210e-01 -2.71534602e-01
1.15000000e-01 1.66458319e-01 9.34434298e-02
1.15000000e-01 -1.62276534e-01 -5.25822896e-02
1.15000000e-01 -1.76146124e-01 -1.04748187e-01
1.15000000e-01 1.28438841e-01 2.22316986e-02
1.15000000e-01 -4.71718097e-01 -5.01005879e-01
1.15000000e-01 -4.22917325e-01 1.22651193e-01
1.15000000e-01 -5.05014274e-01 -6.56650888e-02
1.15000000e-01 -1.97138357e-01 -1.37530689e-01
1.15000000e-01 -1.17389840e-01 -2.09851967e-01
1.15000000e-01 4.47755809e-01 -1.73602463e-02
1.15000000e-01 -8.96396808e-02 -2.31832477e-01
1.15000000e-01 -2.37033389e-02 -1.53065461e-01
1.15000000e-01 1.14539352e-01 1.18299583e-01
1.15000000e-01 4.25074827e-01 3.07969436e-01
1.15000000e-01 4.54071200e-02 -2.03110196e-02
1.15000000e-01 1.38182816e-01 2.96612477e-01
1.15000000e-01 6.46191260e-01 -2.78965116e-01
1.15000000e-01 -4.35192460e-01 1.42972606e-01
1.15000000e-01 2.12496980e-01 4.53109139e-01
1.15000000e-01 -4.90907373e-01 -2.98697851e-01
1.15000000e-01 6.84072763e-02 2.08080374e-01
1.15000000e-01 -5.76605156e-03 -4.84500550e-01
1.15000000e-01 2.10775142e-01 1.40805261e-01
1.15000000e-01 -3.86493570e-01 -1.42290402e-01
1.15000000e-01 -1.21807137e-01 -4.76058238e-01
1.15000000e-01 -1.18933143e-01 -1.74551140e-01
1.15000000e-01 -5.52834821e-01 -2.36196374e-01
1.15000000e-01 3.93406564e-01 -2.16816833e-01
1.15000000e-01 -4.15184032e-01 -1.87365061e-01
1.15000000e-01 1.46044783e-01 -3.09642222e-01
1.15000000e-01 -3.70399661e-01 -1.94153776e-01
1.20000000e-01 -1.00794637e-01 -1.54579678e-01
1.20000000e-01 1.49207735e-01 1.23246176e-01
1.20000000e-01 -6.65920846e-02 -5.20113326e-01
1.20000000e-01 2.63990815e-01 2.91708905e-01
1.20000000e-01 2.26084630e-01 4.97883203e-01
1.20000000e-01 -4.12658106e-01 5.54641901e-01
1.20000000e-01 3.46223468e-02 -1.10833841e-01
1.20000000e-01 1.83671607e-01 3.66109688e-01
1.20000000e-01 2.21961906e-01 2.27613446e-01
1.20000000e-01 -3.32186113e-01 -2.54444932e-01
1.20000000e-01 5.78497312e-01 -1.35114613e-01
1.20000000e-01 -1.31475428e-01 -1.48441239e-02
1.20000000e-01 -1.31672789e-01 -1.08215525e-01
1.20000000e-01 2.71603955e-01 3.16089803e-01
1.20000000e-01 -1.48401312e-01 -2.61597435e-01
1.20000000e-01 -3.27937023e-01 -2.28874509e-01
1.20000000e-01 -5.08989280e-01 8.27759761e-02
1.20000000e-01 -9.36116291e-02 -2.34168356e-01
1.20000000e-01 -3.13727821e-01 -2.42296719e-01
1.20000000e-01 9.41473578e-02 5.56629746e-02
1.20000000e-01 -1.36610563e-01 1.29174138e-02
1.20000000e-01 -1.32620939e-01 -1.85098961e-01
1.20000000e-01 2.18164965e-01 4.87325556e-02
1.20000000e-01 -4.83729738e-01 -5.63906340e-01
1.20000000e-01 -4.68692798e-01 8.96857887e-02
1.20000000e-01 -5.63582517e-01 -9.96462205e-02
1.20000000e-01 -9.73386029e-02 -1.88224115e-01
1.20000000e-01 -6.93849698e-02 -9.46850268e-02
1.20000000e-01 4.62507361e-01 1.94120536e-03
1.20000000e-01 -1.07996973e-01 -2.12084930e-01
1.20000000e-01 2.50562212e-02 -1.23349824e-01
1.20000000e-01 2.07879329e-01 1.09280484e-01
1.20000000e-01 4.49350526e-01 3.17215930e-01
1.20000000e-01 3.30515167e-02 -8.90628658e-02
1.20000000e-01 1.12934733e-01 2.99555879e-01
1.20000000e-01 7.27204275e-01 -3.04975826e-01
1.20000000e-01 -4.77317613e-01 1.08281410e-01
1.20000000e-01 2.39067440e-01 5.27955914e-01
1.20000000e-01 -4.95665388e-01 -3.01416601e-01
1.20000000e-01 8.60845930e-02 1.91304999e-01
1.20000000e-01 1.71592807e-02 -5.29401006e-01
1.20000000e-01 1.46144998e-01 7.11614648e-02
1.20000000e-01 -4.09592320e-01 -1.57874400e-01
1.20000000e-01 -8.92956081e-02 -4.97885455e-01
1.20000000e-01 -1.29949229e-02 -1.34002534e-01
1.20000000e-01 -5.75431562e-01 -2.45083472e-01
1.20000000e-01 4.53856353e-01 -2.18131863e-01
1.20000000e-01 -4.21941272e-01 -2.28299006e-01
1.20000000e-01 2.05644236e-01 -3.50373496e-01
1.20000000e-01 -4.16208231e-01 -2.16818625e-01
1.25000000e-01 -1.05064574e-01 -1.41599048e-01
1.25000000e-01 1.39087724e-01 1.28400068e-01
1.25000000e-01 -3.18187538e-02 -5.45036883e-01
1.25000000e-01 2.11274505e-01 2.54694545e-01
1.25000000e-01 2.42860585e-01 5.29892384e-01
1.25000000e-01 -4.41508681e-01 5.55844615e-01
1.25000000e-01 -9.82303003e-04 -1.89393826e-01
1.25000000e-01 1.51134425e-01 3.19024006e-01
1.25000000e-01 1.41801749e-01 2.42088961e-01
1.25000000e-01 -3.53816844e-01 -2.74375485e-01
1.25000000e-01 6.10323829e-01 -9.58684225e-02
1.25000000e-01 -1.04703065e-01 -6.80941904e-03
1.25000000e-01 -7.13432646e-02 -2.04199935e-01
1.25000000e-01 3.29783915e-01 3.48831071e-01
1.25000000e-01 -1.54645338e-01 -3.08810653e-01
1.25000000e-01 -3.28513542e-01 -2.53826831e-01
1.25000000e-01 -5.37539491e-01 2.05818776e-02
1.25000000e-01 -1.54161465e-01 -1.54133955e-01
1.25000000e-01 -3.10282275e-01 -2.05137801e-01
1.25000000e-01 4.67241780e-02 5.05070478e-02
1.25000000e-01 -9.87561154e-02 5.52160712e-02
1.25000000e-01 -4.63374117e-02 -2.28762075e-01
1.25000000e-01 2.78759945e-01 1.03539542e-01
1.25000000e-01 -4.92637875e-01 -6.22331801e-01
1.25000000e-01 -5.13608411e-01 5.46975924e-02
1.25000000e-01 -6.13794796e-01 -1.35331028e-01
1.25000000e-01 8.68092693e-03 -1.92531754e-01
1.25000000e-01 -3.70493707e-02 -1.97417151e-02
1.25000000e-01 4.68971107e-01 2.21447574e-02
1.25000000e-01 -1.12120920e-01 -1.24546793e-01
1.25000000e-01 4.27305379e-02 -9.29137530e-02
1.25000000e-01 2.49225665e-01 1.07620134e-01
1.25000000e-01 4.65479547e-01 3.22237108e-01
1.25000000e-01 1.05637730e-03 -1.63174921e-01
1.25000000e-01 9.36970935e-02 2.83247503e-01
1.25000000e-01 8.04744743e-01 -3.29233507e-01
1.25000000e-01 -5.15615051e-01 6.45339294e-02
1.25000000e-01 2.62469332e-01 5.91937161e-01
1.25000000e-01 -4.91922657e-01 -2.96740701e-01
1.25000000e-01 1.34283807e-01 1.36914708e-01
1.25000000e-01 3.48710139e-02 -5.65976172e-01
1.25000000e-01 6.45316703e-02 4.80261768e-02
1.25000000e-01 -4.22714734e-01 -1.81028824e-01
1.25000000e-01 -5.29123471e-02 -5.13344994e-01
1.25000000e-01 5.13851756e-02 -9.72931150e-02
1.25000000e-01 -5.88228683e-01 -2.51996254e-01
1.25000000e-01 5.09595499e-01 -2.15625177e-01
1.25000000e-01 -4.16130109e-01 -2.63629835e-01
1.25000000e-01 2.58951404e-01 -3.84304086e-01
1.25000000e-01 -4.50510697e-01 -2.37893139e-01
1.30000000e-01 -1.03603392e-01 -1.27755556e-01
1.30000000e-01 1.25302953e-01 1.29789421e-01
1.30000000e-01 2.55977277e-03 -5.60376315e-01
1.30000000e-01 1.41668543e-01 1.94798547e-01
1.30000000e-01 2.58860364e-01 5.57605863e-01
1.30000000e-01 -4.68375332e-01 5.54267549e-01
1.30000000e-01 -6.31777086e-02 -2.45718744e-01
1.30000000e-01 1.15976438e-01 2.48936867e-01
1.30000000e-01 6.09093806e-02 2.26225750e-01
1.30000000e-01 -3.68745953e-01 -2.82650427e-01
1.30000000e-01 6.36590157e-01 -5.58718007e-02
1.30000000e-01 -6.71560634e-02 -2.14457493e-02
1.30000000e-01 -1.98129260e-02 -2.57378323e-01
1.30000000e-01 3.80386161e-01 3.73191406e-01
1.30000000e-01 -1.53496255e-01 -3.33310324e-01
1.30000000e-01 -3.24648156e-01 -2.72039613e-01
1.30000000e-01 -5.56761186e-01 -3.91226304e-02
1.30000000e-01 -1.53930598e-01 -5.46113148e-02
1.30000000e-01 -2.98615108e-01 -1.68154775e-01
1.30000000e-01 1.56185603e-02 5.33317575e-02
1.30000000e-01 -4.89966219e-02 7.93944059e-02
1.30000000e-01 2.47849950e-02 -2.26895803e-01
1.30000000e-01 3.09659322e-01 1.63043074e-01
1.30000000e-01 -4.99088868e-01 -6.76927042e-01
1.30000000e-01 -5.55414450e-01 1.50486763e-02
1.30000000e-01 -6.56128282e-01 -1.71987067e-01
1.30000000e-01 8.24056265e-02 -1.72121113e-01
1.30000000e-01 -8.03503685e-03 3.75315028e-02
1.30000000e-01 4.67375097e-01 4.31281471e-02
1.30000000e-01 -9.21779389e-02 -5.96245291e-02
1.30000000e-01 4.03287980e-02 -6.33829350e-02
1.30000000e-01 2.54748294e-01 1.10458834e-01
1.30000000e-01 4.74138867e-01 3.23562462e-01
1.30000000e-01 -5.97995483e-02 -2.27745261e-01
1.30000000e-01 8.43786704e-02 2.43174790e-01
1.30000000e-01 8.79483345e-01 -3.52173478e-01
1.30000000e-01 -5.49740270e-01 1.24716169e-02
1.30000000e-01 2.83514601e-01 6.47601942e-01
1.30000000e-01 -4.78131399e-01 -2.83676119e-01
1.30000000e-01 1.82651126e-01 6.87170037e-02
1.30000000e-01 4.72300563e-02 -5.94419963e-01
1.30000000e-01 -5.68916028e-03 4.26279930e-02
1.30000000e-01 -4.27171757e-01 -2.10164480e-01
1.30000000e-01 -1.37263631e-02 -5.24513279e-01
1.30000000e-01 9.37288253e-02 -5.88445265e-02
1.30000000e-01 -5.91861501e-01 -2.56191527e-01
1.30000000e-01 5.61009553e-01 -2.09921352e-01
1.30000000e-01 -4.02472672e-01 -2.91198132e-01
1.30000000e-01 3.07217621e-01 -4.12825109e-01
1.30000000e-01 -4.73062705e-01 -2.58315261e-01
1.35000000e-01 -9.58044757e-02 -1.07023213e-01
1.35000000e-01 1.06222264e-01 1.27923537e-01
1.35000000e-01 3.68047183e-02 -5.67713440e-01
1.35000000e-01 6.69162613e-02 8.77757262e-02
1.35000000e-01 2.73887505e-01 5.81387630e-01
1.35000000e-01 -4.93239294e-01 5.50050693e-01
1.35000000e-01 -1.30277546e-01 -2.72295724e-01
1.35000000e-01 8.04189962e-02 1.36969889e-01
1.35000000e-01 6.17948966e-05 1.80570162e-01
1.35000000e-01 -3.80026772e-01 -2.83303756e-01
1.35000000e-01 6.57646738e-01 -1.55201144e-02
1.35000000e-01 -3.14587756e-02 -5.94549796e-02
1.35000000e-01 2.12281911e-02 -2.82879708e-01
1.35000000e-01 4.26324336e-01 3.91191636e-01
1.35000000e-01 -1.47156264e-01 -3.40770865e-01
1.35000000e-01 -3.19660057e-01 -2.83287585e-01
1.35000000e-01 -5.69558503e-01 -9.53785409e-02
1.35000000e-01 -1.13949227e-01 1.52630617e-02
1.35000000e-01 -2.74205945e-01 -1.30856212e-01
1.35000000e-01 -7.26108209e-03 5.64164373e-02
1.35000000e-01 1.98069968e-02 8.81034715e-02
1.35000000e-01 7.72565546e-02 -2.05671996e-01
1.35000000e-01 3.20414897e-01 2.16984828e-01
1.35000000e-01 -5.03535043e-01 -7.28184995e-01
1.35000000e-01 -5.90916522e-01 -3.12812352e-02
1.35000000e-01 -6.90594034e-01 -2.08760423e-01
1.35000000e-01 1.36756164e-01 -1.40753894e-01
1.35000000e-01 2.91559354e-02 9.21135265e-02
1.35000000e-01 4.57716253e-01 6.47925692e-02
1.35000000e-01 -7.20616644e-02 -4.57521954e-02
1.35000000e-01 2.40085148e-02 -2.88524669e-02
1.35000000e-01 2.29691424e-01 1.15768153e-01
1.35000000e-01 4.75513603e-01 3.21858940e-01
1.35000000e-01 -1.30551372e-01 -2.66513453e-01
1.35000000e-01 8.69165903e-02 1.64201036e-01
1.35000000e-01 9.51878419e-01 -3.74070849e-01
1.35000000e-01 -5.79834062e-01 -4.55178587e-02
1.35000000e-01 3.02814789e-01 6.97050547e-01
1.35000000e-01 -4.53989631e-01 -2.62524831e-01
1.35000000e-01 1.91248406e-01 3.35881320e-02
1.35000000e-01 5.46543130e-02 -6.13740304e-01
1.35000000e-01 -6.51268688e-02 3.48037110e-02
1.35000000e-01 -4.24653568e-01 -2.44241837e-01
1.35000000e-01 2.71427670e-02 -5.33062117e-01
1.35000000e-01 1.19415645e-01 -9.92533147e-03
1.35000000e-01 -5.87068080e-01 -2.57211934e-01
1.35000000e-01 6.08331761e-01 -2.01595547e-01
1.35000000e-01 -3.81952302e-01 -3.08776487e-01
1.35000000e-01 3.51175506e-01 -4.36867007e-01
1.35000000e-01 -4.84612986e-01 -2.77360704e-01
1.40000000e-01 -7.93277420e-02 -7.65663613e-02
1.40000000e-01 7.41109249e-02 1.15786708e-01
1.40000000e-01 7.00274476e-02 -5.68578524e-01
1.40000000e-01 2.08320719e-02 -3.99109809e-03
1.40000000e-01 2.87873354e-01 6.01463352e-01
1.40000000e-01 -5.16071573e-01 5.43298783e-01
1.40000000e-01 -1.93576364e-01 -2.79807670e-01
1.40000000e-01 7.27908160e-02 1.04602999e-02
1.40000000e-01 -3.10212628e-02 1.06457049e-01
1.40000000e-01 -3.88332571e-01 -2.79302711e-01
1.40000000e-01 6.73860671e-01 2.48815851e-02
1.40000000e-01 -2.91781430e-02 -1.06759571e-01
1.40000000e-01 5.48081697e-02 -2.91912239e-01
1.40000000e-01 4.68473112e-01 4.03108649e-01
1.40000000e-01 -1.37763813e-01 -3.30980296e-01
1.40000000e-01 -3.14770836e-01 -2.88100472e-01
1.40000000e-01 -5.77910682e-01 -1.48622890e-01
1.40000000e-01 -5.11337055e-02 5.98397359e-02
1.40000000e-01 -2.32330006e-01 -9.26798240e-02
1.40000000e-01 -1.26901245e-02 5.96457545e-02
1.40000000e-01 1.17679437e-01 1.05944165e-01
1.40000000e-01 1.16925107e-01 -1.70323315e-01
1.40000000e-01 3.18664970e-01 2.63991217e-01
1.40000000e-01 -5.06307131e-01 -7.76480821e-01
1.40000000e-01 -6.18413289e-01 -8.50633370e-02
1.40000000e-01 -7.17460745e-01 -2.44475686e-01
1.40000000e-01 1.75941075e-01 -9.86023441e-02
1.40000000e-01 1.01737770e-01 1.43301676e-01
1.40000000e-01 4.39903035e-01 8.68236133e-02
1.40000000e-01 -6.41895405e-02 -7.65624960e-02
1.40000000e-01 -5.06614123e-03 1.22020018e-02
1.40000000e-01 1.69007403e-01 1.18520559e-01
1.40000000e-01 4.70019147e-01 3.18094057e-01
1.40000000e-01 -1.97224086e-01 -2.86976524e-01
1.40000000e-01 9.99323072e-02 4.43991324e-02
1.40000000e-01 1.02226869e+00 -3.95115970e-01
1.40000000e-01 -6.05417150e-01 -1.07233319e-01
1.40000000e-01 3.20717981e-01 7.41591673e-01
1.40000000e-01 -4.20404319e-01 -2.39624715e-01
1.40000000e-01 1.69986038e-01 1.75469286e-02
1.40000000e-01 5.91000355e-02 -6.22711253e-01
1.40000000e-01 -1.08724669e-01 1.04932685e-02
1.40000000e-01 -4.16311541e-01 -2.81175141e-01
1.40000000e-01 6.82701017e-02 -5.40576004e-01
1.40000000e-01 1.26557569e-01 6.19021066e-02
1.40000000e-01 -5.74276023e-01 -2.55026580e-01
1.40000000e-01 6.51761170e-01 -1.91175876e-01
1.40000000e-01 -3.57107658e-01 -3.13303289e-01
1.40000000e-01 3.91327640e-01 -4.57059906e-01
1.40000000e-01 -4.83740440e-01 -2.90798667e-01
1.45000000e-01 -5.04800901e-02 -3.61784152e-02
1.45000000e-01 3.74933725e-02 8.54894545e-02
1.45000000e-01 1.01179008e-01 -5.63470335e-01
1.45000000e-01 -4.16937012e-02 -7.78605398e-02
1.45000000e-01 3.00768214e-01 6.18011346e-01
1.45000000e-01 -5.36829841e-01 5.34095199e-01
1.45000000e-01 -2.52776479e-01 -2.78137476e-01
1.45000000e-01 5.40815257e-02 -8.06902157e-02
1.45000000e-01 -2.73900300e-02 9.35902728e-03
1.45000000e-01 -3.92750279e-01 -2.71825989e-01
1.45000000e-01 6.85577339e-01 6.51006731e-02
1.45000000e-01 -6.89175419e-02 -1.10401913e-01
1.45000000e-01 8.27302967e-02 -2.87576314e-01
1.45000000e-01 5.06369478e-01 4.09406707e-01
1.45000000e-01 -1.29360534e-01 -3.06065580e-01
1.45000000e-01 -3.09730586e-01 -2.87441620e-01
1.45000000e-01 -5.83026709e-01 -2.00013451e-01
1.45000000e-01 4.15405475e-02 8.73982153e-02
1.45000000e-01 -1.64912158e-01 -5.19573915e-02
1.45000000e-01 6.49458102e-03 5.99738267e-02
1.45000000e-01 1.75877548e-01 1.35106226e-01
1.45000000e-01 1.43531146e-01 -1.19467243e-01
1.45000000e-01 3.08907457e-01 3.04272337e-01
1.45000000e-01 -5.07660154e-01 -8.22106866e-01
1.45000000e-01 -6.37321149e-01 -1.46228593e-01
1.45000000e-01 -7.37419002e-01 -2.78211851e-01
1.45000000e-01 1.97171437e-01 -4.46461628e-02
1.45000000e-01 1.57430083e-01 1.45007250e-01
1.45000000e-01 4.13785275e-01 1.08696905e-01
1.45000000e-01 -7.55487375e-02 -9.23206553e-02
1.45000000e-01 -3.19002064e-02 5.33455690e-02
1.45000000e-01 5.47229617e-02 1.07283445e-01
1.45000000e-01 4.58736142e-01 3.12684827e-01
1.45000000e-01 -2.58849494e-01 -2.95765481e-01
1.45000000e-01 8.67562658e-02 -4.00456057e-02
1.45000000e-01 1.09091628e+00 -4.15448936e-01
1.45000000e-01 -6.25143325e-01 -1.71171998e-01
1.45000000e-01 3.37430560e-01 7.82078395e-01
1.45000000e-01 -3.78382907e-01 -2.22176099e-01
1.45000000e-01 1.14591658e-01 1.85417849e-02
1.45000000e-01 6.33541783e-02 -6.21459500e-01
1.45000000e-01 -1.15809136e-01 -4.36039028e-02
1.45000000e-01 -3.99232622e-01 -3.12290999e-01
1.45000000e-01 1.07822068e-01 -5.47897263e-01
1.45000000e-01 8.62663613e-02 1.52489091e-01
1.45000000e-01 -5.53945531e-01 -2.49009656e-01
1.45000000e-01 6.91511610e-01 -1.79118572e-01
1.45000000e-01 -3.29614133e-01 -3.04979199e-01
1.45000000e-01 4.28001826e-01 -4.73866145e-01
1.45000000e-01 -4.72044567e-01 -2.97882291e-01
1.50000000e-01 -5.58353242e-03 2.16196759e-02
1.50000000e-01 -1.16286030e-02 2.87930577e-02
1.50000000e-01 1.30589272e-01 -5.52936977e-01
1.50000000e-01 -1.17913332e-01 -9.79420065e-02
1.50000000e-01 3.12535017e-01 6.31170272e-01
1.50000000e-01 -5.55455479e-01 5.22507055e-01
1.50000000e-01 -3.13772165e-01 -2.72925849e-01
1.50000000e-01 9.11541705e-03 -1.36968725e-01
1.50000000e-01 -2.24079998e-02 -8.41357274e-02
1.50000000e-01 -3.88722638e-01 -2.63110778e-01
1.50000000e-01 6.93087826e-01 1.04975056e-01
1.50000000e-01 -9.45133758e-02 -5.00108404e-02
1.50000000e-01 1.05053326e-01 -2.70479718e-01
1.50000000e-01 5.39727858e-01 4.11319632e-01
1.50000000e-01 -1.20967860e-01 -2.68425517e-01
1.50000000e-01 -3.01857103e-01 -2.82055226e-01
1.50000000e-01 -5.84451941e-01 -2.50531760e-01
1.50000000e-01 1.19798771e-01 9.07671940e-02
1.50000000e-01 -4.83270195e-02 -3.97602256e-03
1.50000000e-01 3.67247689e-02 5.91881150e-02
1.50000000e-01 1.97802503e-01 1.50116783e-01
1.50000000e-01 1.50007403e-01 -5.06006555e-02
1.50000000e-01 2.93629897e-01 3.37874846e-01
1.50000000e-01 -5.07795426e-01 -8.65294865e-01
1.50000000e-01 -6.47096440e-01 -2.14172677e-01
1.50000000e-01 -7.50975003e-01 -3.09497520e-01
1.50000000e-01 1.93604222e-01 1.77920983e-02
1.50000000e-01 1.81234565e-01 1.21795050e-01
1.50000000e-01 3.78971737e-01 1.29754455e-01
1.50000000e-01 -5.59204473e-02 -3.79617203e-02
1.50000000e-01 -1.26537846e-02 6.25702322e-02
1.50000000e-01 -7.85225230e-02 3.26737635e-02
1.50000000e-01 4.42325785e-01 3.05058584e-01
1.50000000e-01 -3.21301994e-01 -2.93160013e-01
1.50000000e-01 3.93049799e-02 -9.63555176e-02
1.50000000e-01 1.15803110e+00 -4.35175825e-01
1.50000000e-01 -6.37391678e-01 -2.35595466e-01
1.50000000e-01 3.53089925e-01 8.19106372e-01
1.50000000e-01 -3.29088559e-01 -2.11202165e-01
1.50000000e-01 2.75146699e-03 3.67040589e-02
1.50000000e-01 6.91877014e-02 -6.11352402e-01
1.50000000e-01 -6.02669126e-02 -9.10287894e-02
1.50000000e-01 -3.73494923e-01 -3.31937451e-01
1.50000000e-01 1.43622025e-01 -5.54062583e-01
1.50000000e-01 1.05229823e-02 2.02162420e-01
1.50000000e-01 -5.28638265e-01 -2.38850791e-01
1.50000000e-01 7.27811841e-01 -1.65785741e-01
1.50000000e-01 -2.97127990e-01 -2.85049523e-01
1.50000000e-01 4.61424810e-01 -4.87658283e-01
1.50000000e-01 -4.50635242e-01 -2.99033995e-01
1.55000000e-01 2.74928870e-02 8.08744755e-02
1.55000000e-01 -5.07976517e-02 -3.80619243e-02
1.55000000e-01 1.59074249e-01 -5.38973787e-01
1.55000000e-01 -1.61820028e-01 -8.23878872e-02
1.55000000e-01 3.23132038e-01 6.41014423e-01
1.55000000e-01 -5.71886112e-01 5.08593383e-01
1.55000000e-01 -3.73338599e-01 -2.67003075e-01
1.55000000e-01 -4.55409845e-02 -1.47868203e-01
1.55000000e-01 -2.09090159e-02 -1.10445891e-01
1.55000000e-01 -3.72488869e-01 -2.55537390e-01
1.55000000e-01 6.96599349e-01 1.44403196e-01
1.55000000e-01 -5.88734628e-02 4.21741641e-02
1.55000000e-01 1.20488335e-01 -2.40211954e-01
1.55000000e-01 5.68864663e-01 4.09903980e-01
1.55000000e-01 -1.10175805e-01 -2.16313917e-01
1.55000000e-01 -2.95373049e-01 -2.69991568e-01
1.55000000e-01 -5.81978471e-01 -2.98066761e-01
1.55000000e-01 1.53755118e-01 7.01783886e-02
1.55000000e-01 1.01930419e-01 8.28433675e-02
1.55000000e-01 -1.80694574e-02 1.12669232e-02
1.55000000e-01 1.98565917e-01 1.49006347e-01
1.55000000e-01 1.24205279e-01 3.49211112e-02
1.55000000e-01 2.74146789e-01 3.64609829e-01
1.55000000e-01 -5.06874916e-01 -9.06227048e-01
1.55000000e-01 -6.47372510e-01 -2.87009243e-01
1.55000000e-01 -7.58138106e-01 -3.38191840e-01
1.55000000e-01 1.59606808e-01 8.29625663e-02
1.55000000e-01 1.81029717e-01 8.60208378e-02
1.55000000e-01 3.34318870e-01 1.49056068e-01
1.55000000e-01 1.43919724e-02 7.18205874e-02
1.55000000e-01 2.58870393e-02 -1.05829855e-02
1.55000000e-01 -1.20567701e-01 -7.26717942e-02
1.55000000e-01 4.20642542e-01 2.94481012e-01
1.55000000e-01 -3.80068670e-01 -2.78833066e-01
1.55000000e-01 -3.67705178e-02 -1.06598233e-01
1.55000000e-01 1.22378527e+00 -4.54377790e-01
1.55000000e-01 -6.41757829e-01 -2.97923547e-01
1.55000000e-01 3.67794819e-01 8.53103205e-01
1.55000000e-01 -2.73439816e-01 -2.07301827e-01
1.55000000e-01 -1.28772434e-01 1.85640245e-02
1.55000000e-01 7.71147130e-02 -5.93822037e-01
1.55000000e-01 1.84281334e-02 -8.65680230e-02
1.55000000e-01 -3.40329435e-01 -3.36427973e-01
1.55000000e-01 1.74069725e-01 -5.56230322e-01
1.55000000e-01 -6.71126339e-02 2.14419659e-01
1.55000000e-01 -4.99476473e-01 -2.28752106e-01
1.55000000e-01 7.60885286e-01 -1.51443566e-01
1.55000000e-01 -2.67357178e-01 -2.56027816e-01
1.55000000e-01 4.91779312e-01 -4.98749857e-01
1.55000000e-01 -4.18640898e-01 -2.93957304e-01
1.60000000e-01 4.66976363e-02 1.09664561e-01
1.60000000e-01 -7.25020513e-02 -8.53858125e-02
1.60000000e-01 1.86402708e-01 -5.23493034e-01
1.60000000e-01 -1.65586876e-01 -5.29028510e-02
1.60000000e-01 3.32471532e-01 6.47515080e-01
1.60000000e-01 -5.86071037e-01 4.92425053e-01
1.60000000e-01 -4.25610948e-01 -2.60049859e-01
1.60000000e-01 -9.69947657e-02 -1.04495355e-01
1.60000000e-01 -4.29866283e-02 -7.69393297e-02
1.60000000e-01 -3.48738181e-01 -2.51336949e-01
1.60000000e-01 6.96240958e-01 1.83345025e-01
1.60000000e-01 4.03279172e-02 1.15138854e-01
1.60000000e-01 1.26305253e-01 -1.96557445e-01
1.60000000e-01 5.94165669e-01 4.05754939e-01
1.60000000e-01 -9.22872333e-02 -1.37523105e-01
1.60000000e-01 -2.87961860e-01 -2.49044494e-01
1.60000000e-01 -5.77839205e-01 -3.42366888e-01
1.60000000e-01 1.51315434e-01 4.89699691e-02
1.60000000e-01 1.94278169e-01 1.63857289e-01
1.60000000e-01 -9.06158021e-02 -6.03278646e-02
1.60000000e-01 1.75436101e-01 1.30689334e-01
1.60000000e-01 5.13324713e-02 1.33407330e-01
1.60000000e-01 2.50783496e-01 3.83959027e-01
1.60000000e-01 -5.05027159e-01 -9.45038378e-01
1.60000000e-01 -6.39065997e-01 -3.61090492e-01
1.60000000e-01 -7.58572889e-01 -3.64605107e-01
1.60000000e-01 8.73888426e-02 1.39278157e-01
1.60000000e-01 1.45819019e-01 4.60557951e-02
1.60000000e-01 2.77163928e-01 1.65128287e-01
1.60000000e-01 9.51018767e-02 1.59848294e-01
1.60000000e-01 1.97403261e-02 -6.70587914e-02
1.60000000e-01 -1.02773258e-01 -1.48742565e-01
1.60000000e-01 3.92937195e-01 2.80348422e-01
1.60000000e-01 -4.29574447e-01 -2.57653390e-01
1.60000000e-01 -1.08345947e-01 -5.63488498e-02
1.60000000e-01 1.28832369e+00 -4.73118485e-01
1.60000000e-01 -6.39110198e-01 -3.57068442e-01
1.60000000e-01 3.81612227e-01 8.84367104e-01
1.60000000e-01 -2.12256305e-01 -2.04767920e-01
1.60000000e-01 -2.00749374e-01 -2.89084532e-02
1.60000000e-01 8.69205968e-02 -5.69824747e-01
1.60000000e-01 6.46249027e-02 -3.99942867e-02
1.60000000e-01 -3.04756725e-01 -3.24227254e-01
1.60000000e-01 1.98989742e-01 -5.51872634e-01
1.60000000e-01 -1.33476834e-01 2.00033071e-01
1.60000000e-01 -4.61719545e-01 -2.21097335e-01
1.60000000e-01 7.90944941e-01 -1.36281967e-01
1.60000000e-01 -2.39586343e-01 -2.18733245e-01
1.60000000e-01 5.19225098e-01 -5.07414121e-01
1.60000000e-01 -3.73934424e-01 -2.79133326e-01
1.65000000e-01 6.65220462e-02 1.31042638e-01
1.65000000e-01 -9.38475044e-02 -1.23403591e-01
1.65000000e-01 2.11654899e-01 -5.07254965e-01
1.65000000e-01 -1.22544056e-01 -3.63316884e-02
1.65000000e-01 3.40427531e-01 6.50607264e-01
1.65000000e-01 -5.97956398e-01 4.74068467e-01
1.65000000e-01 -4.67506372e-01 -2.48980855e-01
1.65000000e-01 -1.05524713e-01 -3.60123351e-02
1.65000000e-01 -1.15013371e-01 -4.96479385e-02
1.65000000e-01 -3.19672274e-01 -2.46135931e-01
1.65000000e-01 6.92093952e-01 2.21814030e-01
1.65000000e-01 1.48634440e-01 1.63782583e-01
1.65000000e-01 1.18743872e-01 -1.39807864e-01
1.65000000e-01 6.15948494e-01 3.99172419e-01
1.65000000e-01 -6.31945910e-02 -2.26348036e-02
1.65000000e-01 -2.74906690e-01 -2.20537447e-01
1.65000000e-01 -5.73207246e-01 -3.84730787e-01
1.65000000e-01 1.12550798e-01 4.29262726e-02
1.65000000e-01 2.60321822e-01 2.28438137e-01
1.65000000e-01 -1.18827854e-01 -1.65566620e-01
1.65000000e-01 1.15124732e-01 1.04048195e-01
1.65000000e-01 -3.18820595e-02 1.88255707e-01
1.65000000e-01 2.23399088e-01 3.94975347e-01
1.65000000e-01 -5.02355476e-01 -9.81834953e-01
1.65000000e-01 -6.24226812e-01 -4.31270275e-01
1.65000000e-01 -7.52198296e-01 -3.89476268e-01
1.65000000e-01 -1.30819486e-02 1.47531257e-01
1.65000000e-01 7.72134450e-02 2.25571580e-02
1.65000000e-01 2.01676120e-01 1.76243737e-01
1.65000000e-01 1.35430854e-01 1.91110428e-01
1.65000000e-01 -3.03297762e-02 -1.14982728e-01
1.65000000e-01 -6.12937908e-02 -1.61550215e-01
1.65000000e-01 3.57813161e-01 2.62144558e-01
1.65000000e-01 -4.67298069e-01 -2.33181181e-01
1.65000000e-01 -1.27214561e-01 -2.33765849e-02
1.65000000e-01 1.35176830e+00 -4.91450053e-01
1.65000000e-01 -6.29732277e-01 -4.13939046e-01
1.65000000e-01 3.94588557e-01 9.13123255e-01
1.65000000e-01 -1.40619781e-01 -1.88846803e-01
1.65000000e-01 -2.37354711e-01 -8.91246119e-02
1.65000000e-01 9.80785176e-02 -5.39823912e-01
1.65000000e-01 8.24529592e-02 2.49387204e-02
1.65000000e-01 -2.67293564e-01 -2.96507969e-01
1.65000000e-01 2.18935179e-01 -5.39885541e-01
1.65000000e-01 -1.85518154e-01 1.69663013e-01
1.65000000e-01 -4.12011355e-01 -2.18546411e-01
1.65000000e-01 8.18181677e-01 -1.20447559e-01
1.65000000e-01 -2.01402952e-01 -1.70874151e-01
1.65000000e-01 5.43891258e-01 -5.13872212e-01
1.65000000e-01 -3.21277815e-01 -2.53288961e-01
1.70000000e-01 8.58002643e-02 1.43351092e-01
1.70000000e-01 -1.14172031e-01 -1.52790379e-01
1.70000000e-01 2.33817443e-01 -4.90479550e-01
1.70000000e-01 -5.70634017e-02 -5.21725769e-02
1.70000000e-01 3.46880246e-01 6.50229838e-01
1.70000000e-01 -6.07470653e-01 4.53569707e-01
1.70000000e-01 -4.98823649e-01 -2.32096403e-01
1.70000000e-01 -9.52542461e-02 -6.75611511e-03
1.70000000e-01 -1.72120001e-01 -6.61285846e-02
1.70000000e-01 -2.77826358e-01 -2.33781735e-01
1.70000000e-01 6.84164939e-01 2.59925817e-01
1.70000000e-01 2.09829673e-01 1.88909654e-01
1.70000000e-01 9.46474193e-02 -7.17246541e-02
1.70000000e-01 6.34468162e-01 3.90206216e-01
1.70000000e-01 -4.14026664e-02 6.63032499e-02
1.70000000e-01 -2.51097236e-01 -1.86600580e-01
1.70000000e-01 -5.68457377e-01 -4.26449871e-01
1.70000000e-01 4.59329057e-02 6.61685019e-02
1.70000000e-01 3.11576403e-01 2.82658249e-01
1.70000000e-01 -1.06334796e-01 -2.08906621e-01
1.70000000e-01 1.65441897e-02 1.04466842e-01
1.70000000e-01 -8.45378253e-02 2.10053075e-01
1.70000000e-01 1.92084681e-01 3.96191944e-01
1.70000000e-01 -4.98943979e-01 -1.01670145e+00
1.70000000e-01 -6.05169837e-01 -4.93772906e-01
1.70000000e-01 -7.39467051e-01 -4.13419556e-01
1.70000000e-01 -7.57765672e-02 1.26316959e-01
1.70000000e-01 -3.11392398e-03 2.50070011e-02
1.70000000e-01 9.48443501e-02 1.73701963e-01
1.70000000e-01 1.42251586e-01 1.82395745e-01
1.70000000e-01 -1.39875739e-01 -1.58897791e-01
1.70000000e-01 -6.49868421e-02 -1.19231876e-01
1.70000000e-01 3.11940316e-01 2.39393712e-01
1.70000000e-01 -4.93755463e-01 -2.08880558e-01
1.70000000e-01 -1.19284269e-01 -2.92531797e-02
1.70000000e-01 1.41422217e+00 -5.09415539e-01
1.70000000e-01 -6.13794381e-01 -4.69205674e-01
1.70000000e-01 4.06763407e-01 9.39556560e-01
1.70000000e-01 -5.75733559e-02 -1.24821816e-01
1.70000000e-01 -2.43078984e-01 -1.55848553e-01
1.70000000e-01 1.09869617e-01 -5.03931599e-01
1.70000000e-01 8.50573149e-02 1.22704319e-01
1.70000000e-01 -2.25709101e-01 -2.50380820e-01
1.70000000e-01 2.34454727e-01 -5.19886293e-01
1.70000000e-01 -2.24444072e-01 1.28234492e-01
1.70000000e-01 -3.52840020e-01 -2.17633090e-01
1.70000000e-01 8.42759336e-01 -1.04051663e-01
1.70000000e-01 -1.26435659e-01 -1.12312657e-01
1.70000000e-01 5.65887190e-01 -5.18300163e-01
1.70000000e-01 -2.56094039e-01 -2.17323662e-01
1.75000000e-01 9.94810234e-02 1.48637567e-01
1.75000000e-01 -1.33884352e-01 -1.73290948e-01
1.75000000e-01 2.51876252e-01 -4.73156091e-01
1.75000000e-01 -6.81139440e-03 -8.67604230e-02
1.75000000e-01 3.51748345e-01 6.46324986e-01
1.75000000e-01 -6.14522873e-01 4.30953821e-01
1.75000000e-01 -5.20970574e-01 -2.10665991e-01
1.75000000e-01 -7.86661694e-02 4.89620825e-04
1.75000000e-01 -1.96761826e-01 -1.12986615e-01
1.75000000e-01 -2.11611200e-01 -2.03488596e-01
1.75000000e-01 6.72341148e-01 2.98054545e-01
1.75000000e-01 2.40451298e-01 2.02967595e-01
1.75000000e-01 5.40920799e-02 7.23727410e-03
1.75000000e-01 6.49957194e-01 3.78550059e-01
1.75000000e-01 -4.12329185e-03 1.49661448e-01
1.75000000e-01 -1.98849717e-01 -1.51329345e-01
1.75000000e-01 -5.63467974e-01 -4.68730359e-01
1.75000000e-01 -1.63178273e-02 1.20891631e-01
1.75000000e-01 3.52757569e-01 3.27957091e-01
1.75000000e-01 -1.08659136e-01 -1.74206789e-01
1.75000000e-01 -5.44999928e-02 1.23312268e-01
1.75000000e-01 -1.20992912e-01 2.13621819e-01
1.75000000e-01 1.57336146e-01 3.86053365e-01
1.75000000e-01 -4.94863874e-01 -1.04970391e+00
1.75000000e-01 -5.83517999e-01 -5.47455023e-01
1.75000000e-01 -7.20983221e-01 -4.36645662e-01
1.75000000e-01 -1.15680765e-01 9.37792355e-02
1.75000000e-01 -8.15215507e-02 3.72616037e-02
1.75000000e-01 -1.47297686e-02 1.24164933e-01
1.75000000e-01 9.52380859e-02 1.36623173e-01
1.75000000e-01 -2.21839228e-01 -1.86802693e-01
1.75000000e-01 -1.21653627e-01 -9.40724252e-02
1.75000000e-01 2.51668161e-01 2.12550743e-01
1.75000000e-01 -5.11856429e-01 -1.87137086e-01
1.75000000e-01 -9.78375207e-02 -6.26470129e-02
1.75000000e-01 1.47577289e+00 -5.27050333e-01
1.75000000e-01 -5.91935212e-01 -5.22533509e-01
1.75000000e-01 4.18176082e-01 9.63825021e-01
1.75000000e-01 -1.92601912e-02 -5.08696740e-02
1.75000000e-01 -2.15246612e-01 -2.22929134e-01
1.75000000e-01 1.21388935e-01 -4.62135556e-01
1.75000000e-01 8.43938344e-02 2.32368009e-01
1.75000000e-01 -1.68834616e-01 -1.74931245e-01
1.75000000e-01 2.46090729e-01 -4.91847410e-01
1.75000000e-01 -2.50421366e-01 7.74104491e-02
1.75000000e-01 -2.75183036e-01 -2.11721376e-01
1.75000000e-01 8.64809631e-01 -8.71769649e-02
1.75000000e-01 -2.67793653e-02 -8.68032345e-02
1.75000000e-01 5.85316078e-01 -5.20829326e-01
1.75000000e-01 -1.66265654e-01 -1.66950966e-01
1.80000000e-01 1.03483950e-01 1.49412988e-01
1.80000000e-01 -1.58240439e-01 -1.80107933e-01
1.80000000e-01 2.64712493e-01 -4.54417467e-01
1.80000000e-01 1.97209665e-02 -1.19585215e-01
1.80000000e-01 3.54984025e-01 6.38821450e-01
1.80000000e-01 -6.18996653e-01 4.06225915e-01
1.80000000e-01 -5.34348709e-01 -1.85162037e-01
1.80000000e-01 -5.77274572e-02 -2.39982369e-03
1.80000000e-01 -1.72384515e-01 -1.93802185e-01
1.80000000e-01 -1.03012230e-01 -1.49579048e-01
1.80000000e-01 6.56484369e-01 3.37316444e-01
1.80000000e-01 2.47958592e-01 2.08629304e-01
1.80000000e-01 6.14809854e-03 1.00130340e-01
1.80000000e-01 6.62586454e-01 3.63110528e-01
1.80000000e-01 6.12875307e-02 2.16241855e-01
1.80000000e-01 -1.00792977e-01 -1.45069665e-01
1.80000000e-01 -5.57617098e-01 -5.12501744e-01
1.80000000e-01 -5.98068657e-02 1.76618897e-01
1.80000000e-01 3.85815601e-01 3.67044573e-01
1.80000000e-01 -1.65953554e-01 -1.28932255e-01
1.80000000e-01 -1.02506223e-01 1.33608430e-01
1.80000000e-01 -1.43759568e-01 2.01976000e-01
1.80000000e-01 1.19428745e-01 3.62365736e-01
1.80000000e-01 -4.90176827e-01 -1.08089595e+00
1.80000000e-01 -5.60156428e-01 -5.92244762e-01
1.80000000e-01 -6.97224441e-01 -4.59147488e-01
1.80000000e-01 -1.36971426e-01 5.06886014e-02
1.80000000e-01 -1.51090328e-01 4.37343603e-02
1.80000000e-01 -9.77834334e-02 6.56709389e-02
1.80000000e-01 3.88449767e-02 1.06460776e-01
1.80000000e-01 -2.48740484e-01 -2.02798518e-01
1.80000000e-01 -1.81475836e-01 -1.14403108e-01
1.80000000e-01 1.69072673e-01 1.76241701e-01
1.80000000e-01 -5.23220952e-01 -1.68126898e-01
1.80000000e-01 -8.15576095e-02 -1.21894821e-01
1.80000000e-01 1.53649507e+00 -5.44384135e-01
1.80000000e-01 -5.65230177e-01 -5.73293920e-01
1.80000000e-01 4.28863691e-01 9.86065705e-01
1.80000000e-01 1.65702133e-03 1.86679153e-02
1.80000000e-01 -1.51414389e-01 -2.51779544e-01
1.80000000e-01 1.31559029e-01 -4.14416287e-01
1.80000000e-01 8.95529888e-02 2.88399712e-01
1.80000000e-01 -8.32992499e-02 -1.02796027e-01
1.80000000e-01 2.54551466e-01 -4.56544923e-01
1.80000000e-01 -2.62403759e-01 1.75572210e-02
1.80000000e-01 -1.57781990e-01 -1.89642081e-01
1.80000000e-01 8.84433389e-01 -6.98920769e-02
1.80000000e-01 5.24380034e-02 -6.80208003e-02
1.80000000e-01 6.02269981e-01 -5.21546354e-01
1.80000000e-01 -5.67655455e-02 -1.28394290e-01
1.85000000e-01 9.88413843e-02 1.46641130e-01
1.85000000e-01 -1.77131418e-01 -1.73529734e-01
1.85000000e-01 2.71401900e-01 -4.31659556e-01
1.85000000e-01 2.38224793e-02 -1.44079465e-01
1.85000000e-01 3.56561586e-01 6.27608547e-01
1.85000000e-01 -6.20749358e-01 3.79368997e-01
1.85000000e-01 -5.38633120e-01 -1.56470746e-01
1.85000000e-01 -3.68702612e-02 -9.82133210e-03
1.85000000e-01 -1.11239711e-01 -2.40794828e-01
1.85000000e-01 -1.66407795e-02 -1.04360701e-01
1.85000000e-01 6.38195867e-01 3.77593018e-01
1.85000000e-01 2.31346110e-01 2.04883862e-01
1.85000000e-01 -2.35801361e-02 1.97355576e-01
1.85000000e-01 6.70743466e-01 3.44020516e-01
1.85000000e-01 1.44667049e-01 2.40445584e-01
1.85000000e-01 -2.88312187e-02 -1.62813844e-01
1.85000000e-01 -5.49898557e-01 -5.58226905e-01
1.85000000e-01 -8.88581330e-02 2.16693489e-01
1.85000000e-01 4.13165725e-01 4.01560669e-01
1.85000000e-01 -2.08945653e-01 -1.47383388e-01
1.85000000e-01 -1.35813448e-01 1.32883610e-01
1.85000000e-01 -1.52602755e-01 1.75999055e-01
1.85000000e-01 7.87022957e-02 3.20022668e-01
1.85000000e-01 -4.84936561e-01 -1.11032432e+00
1.85000000e-01 -5.35462981e-01 -6.28507549e-01
1.85000000e-01 -6.68514737e-01 -4.80880530e-01
1.85000000e-01 -1.45671447e-01 -1.96252611e-03
1.85000000e-01 -2.04848416e-01 4.10257639e-02
1.85000000e-01 -1.73254419e-01 -2.70390356e-04
1.85000000e-01 1.42881867e-02 9.99878835e-02
1.85000000e-01 -2.21301864e-01 -2.00112294e-01
1.85000000e-01 -2.03438872e-01 -1.86798031e-01
1.85000000e-01 4.48653019e-02 1.23819447e-01
1.85000000e-01 -5.28510952e-01 -1.51291278e-01
1.85000000e-01 -9.63915041e-02 -1.97067410e-01
1.85000000e-01 1.59645279e+00 -5.61442390e-01
1.85000000e-01 -5.35291574e-01 -6.20733043e-01
1.85000000e-01 4.38859585e-01 1.00639640e+00
1.85000000e-01 2.14773318e-02 9.50970048e-02
1.85000000e-01 -8.91861834e-02 -2.17389377e-01
1.85000000e-01 1.39106062e-01 -3.60625570e-01
1.85000000e-01 9.49866393e-02 3.15047841e-01
1.85000000e-01 -1.70769167e-02 -6.20904399e-02
1.85000000e-01 2.60347126e-01 -4.16284386e-01
1.85000000e-01 -2.57374995e-01 -5.24778295e-02
1.85000000e-01 -3.45227119e-02 -1.40174999e-01
1.85000000e-01 9.01707479e-01 -5.22586519e-02
1.85000000e-01 1.14656661e-01 -4.35270120e-02
1.85000000e-01 6.16826702e-01 -5.20504634e-01
1.85000000e-01 1.44579847e-02 -1.01116586e-01
1.90000000e-01 8.41082252e-02 1.39497802e-01
1.90000000e-01 -1.91072585e-01 -1.62932290e-01
1.90000000e-01 2.71909722e-01 -4.01929083e-01
1.90000000e-01 5.36179069e-03 -1.56458688e-01
1.90000000e-01 3.56496736e-01 6.12523885e-01
1.90000000e-01 -6.19606502e-01 3.50337955e-01
1.90000000e-01 -5.33445834e-01 -1.26529473e-01
1.90000000e-01 -1.50580410e-02 -2.18461349e-02
1.90000000e-01 -7.21205963e-02 -2.39219203e-01
1.90000000e-01 5.51991189e-02 -6.15566618e-02
1.90000000e-01 6.18681014e-01 4.14608080e-01
1.90000000e-01 1.88546843e-01 1.91413169e-01
1.90000000e-01 -3.38328514e-02 2.77896003e-01
1.90000000e-01 6.73171143e-01 3.25560554e-01
1.90000000e-01 2.12132717e-01 2.30000760e-01
1.90000000e-01 2.04028901e-02 -1.68327948e-01
1.90000000e-01 -5.39053214e-01 -6.05885134e-01
1.90000000e-01 -1.05012490e-01 2.40859384e-01
1.90000000e-01 4.36243969e-01 4.32355273e-01
1.90000000e-01 -1.89824292e-01 -1.98013321e-01
1.90000000e-01 -1.57174738e-01 1.25268888e-01
1.90000000e-01 -1.47107538e-01 1.37199308e-01
1.90000000e-01 3.99325495e-02 2.54135175e-01
1.90000000e-01 -4.79189284e-01 -1.13803220e+00
1.90000000e-01 -5.09470722e-01 -6.57565809e-01
1.90000000e-01 -6.35122571e-01 -5.01816615e-01
1.90000000e-01 -1.51301160e-01 -6.79962803e-02
1.90000000e-01 -2.42971283e-01 2.41613873e-02
1.90000000e-01 -2.38206074e-01 -8.14866547e-02
1.90000000e-01 1.92202037e-02 1.07506882e-01
1.90000000e-01 -1.45809372e-01 -1.55585322e-01
1.90000000e-01 -1.71381938e-01 -2.31962494e-01
1.90000000e-01 -5.45280084e-02 7.90492472e-02
1.90000000e-01 -5.27567595e-01 -1.35001336e-01
1.90000000e-01 -1.45263165e-01 -2.52586697e-01
1.90000000e-01 1.65570170e+00 -5.78247040e-01
1.90000000e-01 -5.04208522e-01 -6.63458775e-01
1.90000000e-01 4.48194820e-01 1.02491876e+00
1.90000000e-01 7.05403702e-02 1.80748720e-01
1.90000000e-01 -5.67081696e-02 -1.52020168e-01
1.90000000e-01 1.42424360e-01 -3.00210848e-01
1.90000000e-01 9.73504959e-02 3.18485716e-01
1.90000000e-01 4.06450024e-02 -2.90765553e-02
1.90000000e-01 2.62997015e-01 -3.73473975e-01
1.90000000e-01 -2.26189452e-01 -1.40395672e-01
1.90000000e-01 6.67412950e-02 -8.48750193e-02
1.90000000e-01 9.16686916e-01 -3.43314970e-02
1.90000000e-01 1.61199099e-01 -9.18069632e-03
1.90000000e-01 6.29053650e-01 -5.17736030e-01
1.90000000e-01 6.38512944e-02 -7.23644446e-02
1.95000000e-01 6.13010173e-02 1.29183891e-01
1.95000000e-01 -1.96164360e-01 -1.51824204e-01
1.95000000e-01 2.66678424e-01 -3.63745289e-01
1.95000000e-01 -2.74728741e-02 -1.57630292e-01
1.95000000e-01 3.54879671e-01 5.93365653e-01
1.95000000e-01 -6.15351777e-01 3.19061460e-01
1.95000000e-01 -5.18960025e-01 -9.80310416e-02
1.95000000e-01 1.06673747e-02 -3.31123176e-02
1.95000000e-01 -5.31558427e-02 -2.12018316e-01
1.95000000e-01 1.17101246e-01 -1.20864092e-02
1.95000000e-01 5.96399464e-01 4.48579662e-01
1.95000000e-01 1.12052249e-01 1.63374510e-01
1.95000000e-01 -3.40110592e-02 3.38953997e-01
1.95000000e-01 6.71269568e-01 3.07493455e-01
1.95000000e-01 2.58447978e-01 2.02851974e-01
1.95000000e-01 5.42287856e-02 -1.59433009e-01
1.95000000e-01 -5.23477351e-01 -6.55035429e-01
1.95000000e-01 -1.08317948e-01 2.51179597e-01
1.95000000e-01 4.56011828e-01 4.59991890e-01
1.95000000e-01 -1.54033929e-01 -1.88140494e-01
1.95000000e-01 -1.64420051e-01 1.09934609e-01
1.95000000e-01 -1.29708001e-01 8.76288038e-02
1.95000000e-01 1.27042058e-02 1.55858595e-01
1.95000000e-01 -4.72972156e-01 -1.16405773e+00
1.95000000e-01 -4.82504497e-01 -6.81761192e-01
1.95000000e-01 -5.97365340e-01 -5.21886645e-01
1.95000000e-01 -1.69835653e-01 -1.66645554e-01
1.95000000e-01 -2.66875127e-01 -6.83700941e-03
1.95000000e-01 -2.68084151e-01 -1.89004557e-01
1.95000000e-01 6.85062038e-02 1.33473451e-01
1.95000000e-01 -1.13892881e-01 -1.05876873e-01
1.95000000e-01 -1.43626460e-01 -2.12100550e-01
1.95000000e-01 -1.35776273e-01 3.49778396e-02
1.95000000e-01 -5.19258993e-01 -1.17019481e-01
1.95000000e-01 -2.07406613e-01 -2.63633724e-01
1.95000000e-01 1.71429102e+00 -5.94817233e-01
1.95000000e-01 -4.73941476e-01 -6.99490816e-01
1.95000000e-01 4.56897604e-01 1.04172027e+00
1.95000000e-01 1.37786483e-01 2.18889154e-01
1.95000000e-01 -4.39548724e-02 -8.15989838e-02
1.95000000e-01 1.39485942e-01 -2.32153170e-01
1.95000000e-01 9.50287218e-02 2.98891800e-01
1.95000000e-01 9.38512477e-02 6.17138261e-03
1.95000000e-01 2.61430225e-01 -3.28913025e-01
1.95000000e-01 -1.48982196e-01 -2.29947293e-01
1.95000000e-01 1.51908084e-01 -1.62824761e-02
1.95000000e-01 9.29408839e-01 -1.61581114e-02
1.95000000e-01 1.87619442e-01 3.56559976e-02
1.95000000e-01 6.39016802e-01 -5.13264811e-01
1.95000000e-01 9.90788092e-02 -3.28146536e-02
